0.7742686867713928,0.5954161286354065,3.524336875670997e-07,0.7240279912948608,0.49335628747940063,-0.02836306206882,0.6214346885681152,0.44450926780700684,-0.05060199648141861,0.5360671281814575,0.4590603709220886,-0.06292856484651566,0.477128803730011,0.4801170825958252,-0.07454019039869308,0.6428477168083191,0.4886013865470886,-0.10168974846601486,0.5155072212219238,0.5224389433860779,-0.13182228803634644,0.46355652809143066,0.5174965858459473,-0.13810856640338898,0.4414610266685486,0.5139859318733215,-0.1373780369758606,0.6523234844207764,0.5895207524299622,-0.09735136479139328,0.5094043612480164,0.5931981205940247,-0.12713028490543365,0.5286440253257751,0.5559309720993042,-0.1206260621547699,0.5796005725860596,0.5411399006843567,-0.11159391701221466,0.6599547266960144,0.6678043603897095,-0.0895029604434967,0.5378931164741516,0.6497350931167603,-0.10796519368886948,0.5620057582855225,0.6161742806434631,-0.08572854101657867,0.6027868986129761,0.6079602837562561,-0.06887547671794891,0.6630180478096008,0.7306208610534668,-0.08282649517059326,0.5672121644020081,0.6955262422561646,-0.09353463351726532,0.5896450281143188,0.6658569574356079,-0.07781066000461578,0.6215364336967468,0.6625543832778931,-0.06587008386850357,0.11903464794158936,0.6791830658912659,1.6099251354262378e-07,0.18974682688713074,0.6091901659965515,0.006528293248265982,0.2785189151763916,0.5786995887756348,-0.012685265392065048,0.3400009274482727,0.6059642434120178,-0.036758292466402054,0.3716755509376526,0.6439647078514099,-0.06095236539840698,0.29614701867103577,0.5065920352935791,-0.0476195327937603,0.38198772072792053,0.4872700572013855,-0.08160320669412613,0.4341016411781311,0.48310211300849915,-0.10125648975372314,0.4735090732574463,0.48573392629623413,-0.11376309394836426,0.2748051583766937,0.551755428314209,-0.07271403074264526,0.37432336807250977,0.671417236328125,-0.10966278612613678,0.3376370072364807,0.6806378364562988,-0.10928691923618317,0.3039069175720215,0.6496911644935608,-0.10581483691930771,0.24867482483386993,0.6163749694824219,-0.09573344141244888,0.3376992642879486,0.7299712896347046,-0.12295670807361603,0.2976815700531006,0.7212746739387512,-0.10457022488117218,0.2698742151260376,0.6861701011657715,-0.08980407565832138,0.22202444076538086,0.685196578502655,-0.11861476302146912,0.3011678159236908,0.7661100625991821,-0.1255621463060379,0.27161550521850586,0.7561523914337158,-0.10308477282524109,0.2415391355752945,0.7240036725997925,-0.08649678528308868,Q
0.7741831541061401,0.5947003364562988,3.6099930866839713e-07,0.7250508069992065,0.4924064576625824,-0.02839592844247818,0.6226632595062256,0.44368577003479004,-0.05029958859086037,0.5367830991744995,0.45735692977905273,-0.062006477266550064,0.4789125919342041,0.481382817029953,-0.07303708791732788,0.644193172454834,0.49182790517807007,-0.10249219089746475,0.518028199672699,0.5216763019561768,-0.1308393031358719,0.4644244313240051,0.5173656940460205,-0.13582250475883484,0.43885552883148193,0.5168160796165466,-0.13489313423633575,0.6529214978218079,0.5938284993171692,-0.0978081151843071,0.5103002786636353,0.5927935838699341,-0.12606480717658997,0.5292636156082153,0.5535883903503418,-0.11889229714870453,0.5787615776062012,0.5398955941200256,-0.10989092290401459,0.6600115895271301,0.6714603304862976,-0.08931040018796921,0.5382319092750549,0.6485464572906494,-0.1063322052359581,0.562270998954773,0.6134013533592224,-0.0837828516960144,0.6021313667297363,0.606593668460846,-0.06731803715229034,0.662665605545044,0.7322209477424622,-0.08203902840614319,0.5671833753585815,0.6937388181686401,-0.0919228121638298,0.5892811417579651,0.6636050939559937,-0.07622819393873215,0.6204765439033508,0.6619135737419128,-0.06474947929382324,0.11881142854690552,0.6810216307640076,1.2974102503449103e-07,0.19161340594291687,0.6094207763671875,0.009885353967547417,0.2803516685962677,0.5771714448928833,-0.008235454559326172,0.3407939672470093,0.6024366617202759,-0.03173157572746277,0.3695368766784668,0.6416974067687988,-0.0555180162191391,0.2970872223377228,0.5084323287010193,-0.046907562762498856,0.3801079988479614,0.4862045645713806,-0.08012019842863083,0.4309583902359009,0.4817010760307312,-0.09853535145521164,0.4683462679386139,0.48572951555252075,-0.10985559970140457,0.2751990854740143,0.5522125959396362,-0.07335211336612701,0.3734966516494751,0.6739524006843567,-0.10805298388004303,0.3374955654144287,0.6827258467674255,-0.10555266588926315,0.3042762279510498,0.6516370177268982,-0.10098892450332642,0.24859417974948883,0.6155007481575012,-0.09746784716844559,0.33572906255722046,0.7327684760093689,-0.12296631932258606,0.296278715133667,0.7232143878936768,-0.10425303876399994,0.26951855421066284,0.6880106329917908,-0.08967763185501099,0.2215910702943802,0.6836585998535156,-0.12114506214857101,0.2999010682106018,0.7673181295394897,-0.1261386126279831,0.2709791660308838,0.756869912147522,-0.1029532253742218,0.24086007475852966,0.7249811887741089,-0.08619677275419235,Q
0.7712013125419617,0.5953291058540344,4.3136677163602144e-07,0.7227982878684998,0.49177050590515137,-0.033549170941114426,0.6149855852127075,0.4409048557281494,-0.05843561887741089,0.5256394743919373,0.45876699686050415,-0.07082860916852951,0.46724358201026917,0.48757660388946533,-0.08293501287698746,0.6413634419441223,0.48898056149482727,-0.1176917552947998,0.5094686150550842,0.5156912207603455,-0.14665330946445465,0.44810134172439575,0.504217267036438,-0.14990352094173431,0.4114108085632324,0.49386829137802124,-0.14853936433792114,0.6518928408622742,0.5931689739227295,-0.11096581816673279,0.5050331950187683,0.5904653668403625,-0.14108769595623016,0.528171181678772,0.5532823204994202,-0.13003888726234436,0.5799165368080139,0.5402277708053589,-0.11820264905691147,0.6604800224304199,0.6721775531768799,-0.10009520500898361,0.5356454253196716,0.6479341387748718,-0.11800038069486618,0.5638096928596497,0.6132494807243347,-0.09122450649738312,0.6044500470161438,0.6067677736282349,-0.07215560972690582,0.6647357940673828,0.7330204844474792,-0.09076996892690659,0.5668845176696777,0.6945374011993408,-0.10118046402931213,0.5916391015052795,0.6648522615432739,-0.0836639553308487,0.6228649020195007,0.6646958589553833,-0.07132657617330551,0.1199338287115097,0.6812463402748108,1.3506239326943614e-07,0.1924101710319519,0.6105664968490601,0.007756782229989767,0.28067538142204285,0.5773308873176575,-0.010678042657673359,0.3404330313205719,0.6002957820892334,-0.03410600125789642,0.3691701292991638,0.6369025111198425,-0.0576191321015358,0.2976704239845276,0.5076810121536255,-0.04738062992691994,0.3808540105819702,0.48427289724349976,-0.08155281096696854,0.43191638588905334,0.47863370180130005,-0.10080087929964066,0.4705171287059784,0.48198771476745605,-0.11256598681211472,0.27539435029029846,0.5510321855545044,-0.07284948229789734,0.37338167428970337,0.6747846007347107,-0.10869879275560379,0.3359811305999756,0.6808416247367859,-0.10674581676721573,0.3028535842895508,0.647554874420166,-0.10221046954393387,0.24843145906925201,0.6135181188583374,-0.09633726626634598,0.33579379320144653,0.7328455448150635,-0.12316135317087173,0.29578831791877747,0.721444845199585,-0.10505705326795578,0.26943618059158325,0.6844067573547363,-0.09047836810350418,0.221012681722641,0.6812497973442078,-0.11958374083042145,0.2997259199619293,0.7661330103874207,-0.12557165324687958,0.2714077830314636,0.7550798654556274,-0.10292394459247589,0.24190980195999146,0.7217374444007874,-0.08630470931529999,Q
0.7729485630989075,0.5951062440872192,3.297810451385885e-07,0.7250803112983704,0.4912929832935333,-0.031555697321891785,0.6167706251144409,0.4424538016319275,-0.0557124987244606,0.5267518162727356,0.4608125686645508,-0.06849067658185959,0.46696633100509644,0.48616933822631836,-0.08077540248632431,0.6436784863471985,0.4820822477340698,-0.11168406903743744,0.5134090781211853,0.5162004232406616,-0.14343826472759247,0.45968517661094666,0.5100788474082947,-0.14952056109905243,0.4339286684989929,0.5064229369163513,-0.14906278252601624,0.6536858081817627,0.5862089991569519,-0.10641264170408249,0.5069031119346619,0.5888463854789734,-0.13757705688476562,0.5302315354347229,0.5514944791793823,-0.1291736513376236,0.5825921893119812,0.5375862717628479,-0.1192692294716835,0.6616001129150391,0.6663748621940613,-0.09745302051305771,0.5362382531166077,0.646674394607544,-0.11659979820251465,0.5649471879005432,0.6131857633590698,-0.09131508320569992,0.6069260835647583,0.6061854362487793,-0.07307843118906021,0.6650573015213013,0.7305331826210022,-0.08995551615953445,0.5668597221374512,0.692961573600769,-0.10106387734413147,0.5927734375,0.6642860174179077,-0.0839569941163063,0.6254222989082336,0.6635972857475281,-0.07178593426942825,0.11903876066207886,0.6803531050682068,1.0705003461453089e-07,0.1930246353149414,0.6084957718849182,0.00912382360547781,0.28110235929489136,0.5744920372962952,-0.008099888451397419,0.34028029441833496,0.59812331199646,-0.03060000389814377,0.36907675862312317,0.6367802023887634,-0.053130652755498886,0.2983211278915405,0.5082150101661682,-0.045032743364572525,0.3788140118122101,0.4864027202129364,-0.07792255282402039,0.42807260155677795,0.47934800386428833,-0.09608214348554611,0.4647311568260193,0.48110461235046387,-0.10712427645921707,0.2760542333126068,0.5510532259941101,-0.07105033844709396,0.37302500009536743,0.6746718883514404,-0.10469262301921844,0.3362274765968323,0.6802802085876465,-0.10146729648113251,0.3036973476409912,0.6466958522796631,-0.09639742225408554,0.24874910712242126,0.613365888595581,-0.0951530933380127,0.33562859892845154,0.7325893044471741,-0.1208750531077385,0.29618218541145325,0.721769392490387,-0.10284953564405441,0.27016228437423706,0.6850255727767944,-0.0885026603937149,0.2208893895149231,0.6815003752708435,-0.11893998831510544,0.2993559241294861,0.7665638327598572,-0.12417220324277878,0.2716035842895508,0.7553307414054871,-0.1015549749135971,0.24173320829868317,0.722507119178772,-0.08509477972984314,Q
0.7730581760406494,0.5933399200439453,3.1786657928023487e-07,0.7248162627220154,0.49184027314186096,-0.02803107537329197,0.6216357350349426,0.4447590112686157,-0.05048910528421402,0.5365976691246033,0.4553631544113159,-0.06339007616043091,0.4783393144607544,0.47935593128204346,-0.07617843151092529,0.6390047669410706,0.47920793294906616,-0.10377778857946396,0.5095762014389038,0.5147308111190796,-0.13409706950187683,0.4579477608203888,0.5134278535842896,-0.14076803624629974,0.4348517656326294,0.5136953592300415,-0.14072193205356598,0.6493109464645386,0.5815380215644836,-0.10009997338056564,0.5095928907394409,0.5883015990257263,-0.1286613792181015,0.5306928157806396,0.5534719824790955,-0.12125342339277267,0.5809780359268188,0.5397313833236694,-0.11294163018465042,0.6586850881576538,0.6628323793411255,-0.09299032390117645,0.5363890528678894,0.647272527217865,-0.11063223332166672,0.5633077025413513,0.6158075332641602,-0.08722644299268723,0.6048755645751953,0.6085542440414429,-0.07070549577474594,0.6635954976081848,0.7285685539245605,-0.08719667047262192,0.5663706064224243,0.6942596435546875,-0.09813553839921951,0.5909210443496704,0.6666150689125061,-0.08174289017915726,0.6241143345832825,0.6645181775093079,-0.06997403502464294,0.12055797874927521,0.6799027919769287,1.5071601922045375e-07,0.19047191739082336,0.6071550250053406,0.007589037995785475,0.27633607387542725,0.5709903240203857,-0.010803581215441227,0.33649128675460815,0.5899443030357361,-0.03384251520037651,0.36652541160583496,0.623635470867157,-0.05697924643754959,0.29645252227783203,0.5060487985610962,-0.04900874197483063,0.38177382946014404,0.4847568869590759,-0.08342684805393219,0.43329113721847534,0.47968652844429016,-0.10239706188440323,0.471937894821167,0.4824718236923218,-0.11384207010269165,0.2751030921936035,0.5496187806129456,-0.07379145920276642,0.37506914138793945,0.6715959906578064,-0.10896981507539749,0.3386678099632263,0.6796184182167053,-0.10600022971630096,0.3056827485561371,0.6471402645111084,-0.1008862629532814,0.24906131625175476,0.6124476194381714,-0.09652864187955856,0.3376936912536621,0.728929877281189,-0.12288825958967209,0.29823967814445496,0.7191609740257263,-0.10437240451574326,0.2711942791938782,0.6827576756477356,-0.08964645117521286,0.22246474027633667,0.6805619597434998,-0.11893671005964279,0.3004590570926666,0.7634658813476562,-0.12494625151157379,0.2719753086566925,0.7532609105110168,-0.10243645310401917,0.24216002225875854,0.7202117443084717,-0.08588569611310959,Q
0.7764568328857422,0.5957421064376831,3.050595296372194e-07,0.727816641330719,0.49282538890838623,-0.029673127457499504,0.6235159635543823,0.44462060928344727,-0.05251828581094742,0.5375068187713623,0.45356953144073486,-0.06515046954154968,0.4780375361442566,0.47713997960090637,-0.0776255652308464,0.6432716846466064,0.48055171966552734,-0.1041206493973732,0.5168514847755432,0.5111655592918396,-0.1342797577381134,0.4635002911090851,0.5116833448410034,-0.14106400310993195,0.437485933303833,0.5165543556213379,-0.14124366641044617,0.6522138118743896,0.5811813473701477,-0.10002702474594116,0.5094220638275146,0.5881010890007019,-0.12907423079013824,0.5306680202484131,0.5530717372894287,-0.121828593313694,0.5811970233917236,0.5401021242141724,-0.11316316574811935,0.6601020693778992,0.6620579957962036,-0.09262628853321075,0.5361844897270203,0.6454992890357971,-0.11140067130327225,0.5634058713912964,0.6138414740562439,-0.08817475289106369,0.6042134165763855,0.6075038313865662,-0.07120921462774277,0.662909746170044,0.7271325588226318,-0.08662411570549011,0.5652905702590942,0.6914905309677124,-0.09844734519720078,0.5903400182723999,0.6630618572235107,-0.08219177275896072,0.6235135793685913,0.6614940762519836,-0.07030262053012848,0.11950534582138062,0.6785155534744263,1.2223082990203693e-07,0.19221097230911255,0.6063599586486816,0.010265784338116646,0.2800639271736145,0.5745895504951477,-0.007327116560190916,0.34074896574020386,0.5984704494476318,-0.030103249475359917,0.37054553627967834,0.6356280446052551,-0.05316122621297836,0.29716047644615173,0.5060688853263855,-0.047713764011859894,0.38007164001464844,0.4834192395210266,-0.08147776126861572,0.43164387345314026,0.4788740277290344,-0.1004999577999115,0.47044482827186584,0.483612596988678,-0.11209549009799957,0.27532273530960083,0.5502328872680664,-0.0743652805685997,0.37368112802505493,0.6723604798316956,-0.10824402421712875,0.3381723165512085,0.6800312399864197,-0.10548003017902374,0.3056465983390808,0.6489307284355164,-0.10113808512687683,0.24861499667167664,0.613966166973114,-0.09871766716241837,0.3366149067878723,0.7320165038108826,-0.12362241744995117,0.297158807516098,0.7209998369216919,-0.10517241805791855,0.2704985439777374,0.6853512525558472,-0.09108810126781464,0.22165629267692566,0.6824915409088135,-0.12264834344387054,0.30013731122016907,0.7666784524917603,-0.127334862947464,0.271560400724411,0.7548998594284058,-0.10444647073745728,0.24109873175621033,0.7222193479537964,-0.08803129941225052,Q
0.7719833850860596,0.5947273969650269,3.0558746288988914e-07,0.7241575717926025,0.4947514533996582,-0.029881173744797707,0.61864173412323,0.44866910576820374,-0.05310273915529251,0.5315331816673279,0.45797884464263916,-0.06586857885122299,0.4696887135505676,0.47914043068885803,-0.07898284494876862,0.6406635642051697,0.47791898250579834,-0.10859570652246475,0.5168184638023376,0.5074607729911804,-0.13909178972244263,0.4620591402053833,0.5087090730667114,-0.14529471099376678,0.4307136535644531,0.5138846635818481,-0.1456226259469986,0.6506823301315308,0.5804579854011536,-0.10487106442451477,0.50728440284729,0.5849740505218506,-0.13553021848201752,0.5327590703964233,0.5516992211341858,-0.12740984559059143,0.5846880674362183,0.5400615930557251,-0.11790863424539566,0.6598227024078369,0.662558913230896,-0.09742332994937897,0.5362036228179932,0.6462716460227966,-0.11808107048273087,0.5667859315872192,0.6156338453292847,-0.09331148117780685,0.6089512705802917,0.609644889831543,-0.07482551038265228,0.664174497127533,0.7290560007095337,-0.09118134528398514,0.5641362071037292,0.6960338354110718,-0.10399843007326126,0.591092586517334,0.6682289242744446,-0.08633264154195786,0.6252964735031128,0.6669018268585205,-0.07338635623455048,0.11978217959403992,0.6804084181785583,1.1732079485682334e-07,0.1913217157125473,0.6072383522987366,0.009135727770626545,0.2788107991218567,0.5714820623397827,-0.0074505992233753204,0.33789509534835815,0.5913802981376648,-0.02896845154464245,0.3681546449661255,0.62745600938797,-0.05060596019029617,0.298114150762558,0.5063004493713379,-0.04554201290011406,0.3803030550479889,0.48610052466392517,-0.07848756015300751,0.4297323524951935,0.4791956841945648,-0.09736154228448868,0.46784260869026184,0.4802291989326477,-0.10915836691856384,0.2763863801956177,0.5500625967979431,-0.07119005173444748,0.3757478594779968,0.6743292212486267,-0.10539951175451279,0.33952632546424866,0.6797613501548767,-0.1032121479511261,0.3057115972042084,0.647560715675354,-0.09892715513706207,0.24920716881752014,0.6131004095077515,-0.0946866050362587,0.33767035603523254,0.7314720153808594,-0.12013863772153854,0.29799559712409973,0.7193995714187622,-0.10229064524173737,0.27088281512260437,0.6834094524383545,-0.08819736540317535,0.2213975191116333,0.6812291145324707,-0.11781800538301468,0.30056968331336975,0.7653950452804565,-0.1232651025056839,0.271697074174881,0.7532012462615967,-0.10095956921577454,0.24104991555213928,0.7201845049858093,-0.08473765850067139,Q
0.7728379368782043,0.5995074510574341,2.955083857614227e-07,0.7255039215087891,0.49684053659439087,-0.029294293373823166,0.6212750673294067,0.44668617844581604,-0.05116162821650505,0.5358573794364929,0.4551073908805847,-0.06299060583114624,0.477235347032547,0.47768527269363403,-0.07510001957416534,0.6385126113891602,0.480197012424469,-0.1037745401263237,0.5137200951576233,0.5115071535110474,-0.13296400010585785,0.46083974838256836,0.5113572478294373,-0.1391882598400116,0.4328044652938843,0.515068531036377,-0.13952204585075378,0.6483975052833557,0.5822680592536926,-0.09984021633863449,0.509570837020874,0.5863206386566162,-0.12845373153686523,0.5339881777763367,0.5526195764541626,-0.12076130509376526,0.5852342844009399,0.541171133518219,-0.11204931139945984,0.6583251953125,0.6638961434364319,-0.09255100786685944,0.5374071002006531,0.6471073031425476,-0.11139259487390518,0.5671592354774475,0.616900622844696,-0.08792471140623093,0.6086010932922363,0.6115438342094421,-0.07093475013971329,0.6634777188301086,0.7301551699638367,-0.08660876005887985,0.5662313103675842,0.6950308680534363,-0.0985226109623909,0.5925331115722656,0.668380618095398,-0.08194640278816223,0.6254205703735352,0.6679455041885376,-0.07004840672016144,0.1196262538433075,0.6807653307914734,1.0224950841575264e-07,0.19168318808078766,0.6077858805656433,0.010797908529639244,0.279085636138916,0.5722765326499939,-0.005186992231756449,0.3380895256996155,0.5931200981140137,-0.026617730036377907,0.3678652346134186,0.6309593319892883,-0.04830566421151161,0.2978847324848175,0.5069615244865417,-0.04246683046221733,0.37835678458213806,0.4871557950973511,-0.07381553202867508,0.42606300115585327,0.4806225597858429,-0.09168878197669983,0.4626753330230713,0.4815019965171814,-0.10305614024400711,0.2764856517314911,0.5499959588050842,-0.0687946155667305,0.375775009393692,0.6735361814498901,-0.10183373838663101,0.3397905230522156,0.6796228885650635,-0.09954973310232162,0.3059447407722473,0.6478765606880188,-0.0953281819820404,0.24954195320606232,0.6129341125488281,-0.09283046424388885,0.3379509150981903,0.7304760217666626,-0.11728108674287796,0.29840680956840515,0.7189220190048218,-0.0996597558259964,0.2711482346057892,0.683468222618103,-0.08591878414154053,0.22201335430145264,0.6809493899345398,-0.11636532843112946,0.30088990926742554,0.7645771503448486,-0.12128600478172302,0.27184391021728516,0.752231776714325,-0.09922907501459122,0.24114713072776794,0.7195734977722168,-0.08331006020307541,Q
0.7745888233184814,0.5984007120132446,2.9804249379594694e-07,0.7261197566986084,0.4966259002685547,-0.03172796964645386,0.6184155344963074,0.44839268922805786,-0.055255163460969925,0.5298450589179993,0.4590591788291931,-0.06787806004285812,0.46837836503982544,0.4857676029205322,-0.08090034127235413,0.6424946784973145,0.47834423184394836,-0.10714401304721832,0.5217936038970947,0.5055168867111206,-0.13792528212070465,0.46436381340026855,0.507710337638855,-0.1455221176147461,0.4287264943122864,0.5162002444267273,-0.14733678102493286,0.6523790955543518,0.5804385542869568,-0.10345737636089325,0.5087944865226746,0.585181474685669,-0.13487276434898376,0.5353837013244629,0.5519405603408813,-0.12790043652057648,0.5876742005348206,0.5411525964736938,-0.1190943792462349,0.6614072918891907,0.6628859639167786,-0.09639916568994522,0.53673255443573,0.6460965871810913,-0.1187007799744606,0.5684471726417542,0.61557936668396,-0.09422556310892105,0.6106182336807251,0.6107777953147888,-0.0755167305469513,0.6651841402053833,0.7298009395599365,-0.09071426093578339,0.5644626021385193,0.6956456899642944,-0.10465552657842636,0.5925291776657104,0.6676251292228699,-0.08675795048475266,0.6270671486854553,0.6676254272460938,-0.07353746891021729,0.12251424789428711,0.6808578968048096,1.4483805443887832e-07,0.1927548348903656,0.6066916584968567,0.008670340292155743,0.27967798709869385,0.5692816972732544,-0.008497094735503197,0.3397604525089264,0.5870386958122253,-0.03044097311794758,0.36909592151641846,0.62159663438797,-0.052658453583717346,0.29802218079566956,0.5043922066688538,-0.04608634114265442,0.38068047165870667,0.4847315549850464,-0.0781310647726059,0.4294146001338959,0.47838425636291504,-0.0956147164106369,0.4675159454345703,0.4807535409927368,-0.10656249523162842,0.27675580978393555,0.5477402806282043,-0.07108872383832932,0.37786024808883667,0.6719096302986145,-0.10515937209129333,0.34117868542671204,0.678600549697876,-0.10179867595434189,0.3073980510234833,0.6476276516914368,-0.09643680602312088,0.25018924474716187,0.6105020046234131,-0.09394054859876633,0.33882007002830505,0.7290384769439697,-0.11902660131454468,0.2990385591983795,0.7167296409606934,-0.10095669329166412,0.2718517780303955,0.6806069612503052,-0.08671209216117859,0.22315138578414917,0.6785188317298889,-0.11641138046979904,0.30111396312713623,0.762322187423706,-0.12166673690080643,0.2721772789955139,0.7498086094856262,-0.09997453540563583,0.2419348955154419,0.7164165377616882,-0.0843057632446289,Q
0.7741209268569946,0.5947391986846924,3.0438428666457185e-07,0.7251245379447937,0.49476566910743713,-0.030860750004649162,0.618684709072113,0.44635820388793945,-0.05452881008386612,0.532031238079071,0.457585871219635,-0.06741508096456528,0.47152453660964966,0.483722984790802,-0.0808483213186264,0.6430622339248657,0.47555994987487793,-0.10720261186361313,0.5239585638046265,0.5060907006263733,-0.13813892006874084,0.46661391854286194,0.5087919235229492,-0.1458258479833603,0.430827796459198,0.5163126587867737,-0.14762313663959503,0.6534373164176941,0.5777607560157776,-0.10415405035018921,0.5084367394447327,0.5844117999076843,-0.13581742346286774,0.5347326993942261,0.5514528751373291,-0.12889599800109863,0.587218165397644,0.539692223072052,-0.11990737169981003,0.6625080704689026,0.6606990098953247,-0.09756812453269958,0.5369551181793213,0.6452593803405762,-0.12044546753168106,0.5685886740684509,0.6146413683891296,-0.09602022916078568,0.6110999584197998,0.6088561415672302,-0.07693507522344589,0.6664335131645203,0.7284406423568726,-0.09219366312026978,0.5642403960227966,0.6953551173210144,-0.10646265745162964,0.5921056866645813,0.6665565371513367,-0.08824321627616882,0.6271803975105286,0.6654717326164246,-0.07454579323530197,0.121008962392807,0.6799049973487854,1.2475686617108295e-07,0.19177860021591187,0.6070762276649475,0.00931102130562067,0.27898669242858887,0.5733757019042969,-0.00749186659231782,0.3407976031303406,0.594911515712738,-0.02892153523862362,0.37218594551086426,0.6301834583282471,-0.05050577595829964,0.29751983284950256,0.505336582660675,-0.04816029965877533,0.3822104334831238,0.48335111141204834,-0.08126004785299301,0.43403011560440063,0.4772898554801941,-0.09953777492046356,0.474719375371933,0.4801580309867859,-0.11068138480186462,0.2766834497451782,0.5483046174049377,-0.07351565361022949,0.37547582387924194,0.6722698211669922,-0.10633057355880737,0.3392070233821869,0.6801928877830505,-0.1028713807463646,0.30725669860839844,0.6498288512229919,-0.09819106757640839,0.2506107687950134,0.6115818619728088,-0.09658578038215637,0.33841633796691895,0.7320857048034668,-0.12087737023830414,0.2986956834793091,0.7203026413917542,-0.1028318777680397,0.2725929021835327,0.6843504905700684,-0.08912716060876846,0.22394326329231262,0.6801509261131287,-0.11926911771297455,0.30165278911590576,0.7656921744346619,-0.12358701229095459,0.2728119492530823,0.7537931203842163,-0.10119350254535675,0.24263763427734375,0.7208530902862549,-0.08519134670495987,Q
0.7744351625442505,0.5966424942016602,3.092994234066282e-07,0.7256324291229248,0.4971933960914612,-0.028800945729017258,0.6215798258781433,0.44913798570632935,-0.0523376539349556,0.5356789231300354,0.4564864933490753,-0.06609143316745758,0.4742661416530609,0.47785550355911255,-0.08049294352531433,0.6422107219696045,0.4747670590877533,-0.1045132502913475,0.5200516581535339,0.5075785517692566,-0.13551826775074005,0.46491265296936035,0.5090096592903137,-0.1435696929693222,0.4339653253555298,0.5141180157661438,-0.1451503038406372,0.6527615189552307,0.574922502040863,-0.10227937251329422,0.5092298984527588,0.5847643613815308,-0.13309191167354584,0.5328949093818665,0.5516924858093262,-0.1265433132648468,0.5844266414642334,0.5386780500411987,-0.11818194389343262,0.6622336506843567,0.6574152112007141,-0.09656459838151932,0.537434995174408,0.645520031452179,-0.11803937703371048,0.5666687488555908,0.6156165599822998,-0.09387057274580002,0.6087432503700256,0.6088472008705139,-0.07551883906126022,0.6665585041046143,0.7254873514175415,-0.09199680387973785,0.5651208162307739,0.6952218413352966,-0.10559187829494476,0.5913679003715515,0.6672433614730835,-0.08752860873937607,0.6261513829231262,0.665222704410553,-0.07396886497735977,0.12113441526889801,0.679809033870697,1.1090443052808041e-07,0.19307038187980652,0.6053334474563599,0.011428894475102425,0.2797299921512604,0.570728600025177,-0.005077349487692118,0.34005239605903625,0.5926885008811951,-0.026962488889694214,0.3712862730026245,0.6290792226791382,-0.04915062338113785,0.2994243800640106,0.5055004954338074,-0.04539663344621658,0.3809916377067566,0.484414279460907,-0.07795722782611847,0.43173807859420776,0.47789180278778076,-0.09597445279359818,0.4699220061302185,0.480255663394928,-0.10687214881181717,0.2783111035823822,0.5482262372970581,-0.07195089012384415,0.37526044249534607,0.6716159582138062,-0.10381941497325897,0.3399113714694977,0.6789442896842957,-0.09967401623725891,0.30734702944755554,0.6480209231376648,-0.0946032702922821,0.25146257877349854,0.6111687421798706,-0.09622807800769806,0.33805331587791443,0.729971706867218,-0.1203470230102539,0.29911690950393677,0.7193295955657959,-0.10197966545820236,0.27240461111068726,0.6839461922645569,-0.08802130818367004,0.22393673658370972,0.6795610189437866,-0.11991005390882492,0.3008577823638916,0.764568030834198,-0.12413092702627182,0.27265965938568115,0.753080427646637,-0.10139375925064087,0.24216361343860626,0.7204705476760864,-0.08514562994241714,Q
0.7745963335037231,0.5950296521186829,2.9111993171682116e-07,0.7265042066574097,0.4969833493232727,-0.02844451554119587,0.6249860525131226,0.45100584626197815,-0.05118412524461746,0.5401689410209656,0.45958301424980164,-0.064087875187397,0.4770444929599762,0.4786159098148346,-0.07760775834321976,0.6420093178749084,0.47549283504486084,-0.10206448286771774,0.5219718813896179,0.5056211948394775,-0.1309349089860916,0.46791452169418335,0.509607195854187,-0.13840319216251373,0.43611380457878113,0.5171014666557312,-0.1402013748884201,0.6521016359329224,0.5747103691101074,-0.09972778707742691,0.5099726915359497,0.5832701921463013,-0.12827906012535095,0.533161997795105,0.5525693297386169,-0.12187225371599197,0.5838317275047302,0.5425711870193481,-0.1141451895236969,0.661821722984314,0.6571477055549622,-0.09381170570850372,0.537592351436615,0.646543562412262,-0.11329571902751923,0.5658882260322571,0.6166663765907288,-0.08938606083393097,0.6073910593986511,0.6116054058074951,-0.07186415046453476,0.6667966246604919,0.725773274898529,-0.08908803015947342,0.567207932472229,0.6970802545547485,-0.10222063213586807,0.5923865437507629,0.6682690978050232,-0.08458977192640305,0.6259582042694092,0.667266845703125,-0.07147276401519775,0.12206380069255829,0.6797023415565491,1.0431720198766925e-07,0.1946316361427307,0.6075465083122253,0.010994921438395977,0.2827696204185486,0.5752379298210144,-0.005114974454045296,0.34216392040252686,0.6016204953193665,-0.026978369802236557,0.3726505637168884,0.6409923434257507,-0.04912959039211273,0.300445556640625,0.5053516626358032,-0.04087077081203461,0.38016462326049805,0.48681390285491943,-0.07149007171392441,0.4281819760799408,0.4789392054080963,-0.089178167283535,0.4650919437408447,0.4791281223297119,-0.10066191852092743,0.27860477566719055,0.5478382110595703,-0.06756843626499176,0.3753276467323303,0.6725780963897705,-0.1004396378993988,0.33891811966896057,0.6793713569641113,-0.09846960753202438,0.30595508217811584,0.6485844254493713,-0.09454593807458878,0.2511405348777771,0.6106696128845215,-0.09205010533332825,0.33736270666122437,0.7298867702484131,-0.11652408540248871,0.2977859675884247,0.7185865044593811,-0.09901502728462219,0.27151232957839966,0.6834820508956909,-0.0853896513581276,0.22301548719406128,0.6784487962722778,-0.11610576510429382,0.3012913465499878,0.7643454074859619,-0.12117918580770493,0.2726624310016632,0.752149224281311,-0.09929026663303375,0.2426588088274002,0.7197239995002747,-0.08351889997720718,Q
0.7743869423866272,0.5943825244903564,3.140960984637786e-07,0.7250447869300842,0.4951929450035095,-0.02984192594885826,0.6202732920646667,0.4484921097755432,-0.0532325841486454,0.5349630117416382,0.45821744203567505,-0.06645067781209946,0.4749530255794525,0.4803251028060913,-0.08011586964130402,0.6427736878395081,0.47833356261253357,-0.10310142487287521,0.5253728628158569,0.5060646533966064,-0.13340570032596588,0.4693586230278015,0.5099763870239258,-0.1417843997478485,0.4358043074607849,0.5197423100471497,-0.14408917725086212,0.6534985899925232,0.5797641277313232,-0.10049549490213394,0.5106373429298401,0.5851185321807861,-0.1312781125307083,0.5357062816619873,0.5517781376838684,-0.12539657950401306,0.5879934430122375,0.5409145355224609,-0.11729739606380463,0.6632583737373352,0.6622006893157959,-0.09437974542379379,0.5389819145202637,0.647658109664917,-0.11609140038490295,0.5688002109527588,0.616239607334137,-0.092130646109581,0.6111813187599182,0.6108075380325317,-0.07370323687791824,0.6681066155433655,0.7295665740966797,-0.08949919044971466,0.5663203001022339,0.6980189085006714,-0.10291994363069534,0.5931380391120911,0.6687676906585693,-0.08450136333703995,0.6283603310585022,0.6672871112823486,-0.07073745131492615,0.12230916321277618,0.6786020398139954,1.0236007597086427e-07,0.19481247663497925,0.6061517596244812,0.010766387917101383,0.28267768025398254,0.5740233659744263,-0.005798380356281996,0.3421402871608734,0.6000169515609741,-0.027737347409129143,0.3709968626499176,0.6402563452720642,-0.05008560046553612,0.2992505431175232,0.5069890022277832,-0.04446689411997795,0.37885215878486633,0.48672282695770264,-0.0756572037935257,0.42649900913238525,0.47890180349349976,-0.0934566929936409,0.46369093656539917,0.4789355993270874,-0.10497003048658371,0.27765026688575745,0.5500685572624207,-0.07107341289520264,0.3753448724746704,0.6737498641014099,-0.10370254516601562,0.33882254362106323,0.6804113984107971,-0.1010972112417221,0.30518415570259094,0.6492128968238831,-0.09699961543083191,0.25054189562797546,0.6132553219795227,-0.0952853187918663,0.33775556087493896,0.7311355471611023,-0.11949136853218079,0.29850560426712036,0.7196369171142578,-0.1017654612660408,0.2718084156513214,0.6844523549079895,-0.088178351521492,0.22297462821006775,0.6813275814056396,-0.11901609599590302,0.30203717947006226,0.7648071646690369,-0.12348580360412598,0.2738761901855469,0.7524825930595398,-0.10116560757160187,0.24364277720451355,0.7206416726112366,-0.08532128483057022,Q
0.7730542421340942,0.5953277349472046,3.0165523412506445e-07,0.7248304486274719,0.4940109848976135,-0.028989026322960854,0.6218417286872864,0.4454513192176819,-0.05228714272379875,0.5376163125038147,0.45581015944480896,-0.06564535945653915,0.47766220569610596,0.4730997383594513,-0.0791931226849556,0.6413670182228088,0.47994542121887207,-0.10376795381307602,0.5175766348838806,0.5104525089263916,-0.13388767838478088,0.46477824449539185,0.5147951245307922,-0.14081428945064545,0.43876922130584717,0.5240551829338074,-0.1413039267063141,0.6524774432182312,0.5812810659408569,-0.10062451660633087,0.510180652141571,0.5866556763648987,-0.12969064712524414,0.5333667993545532,0.5517531037330627,-0.1223507821559906,0.5856037139892578,0.5399194955825806,-0.1136445626616478,0.6625972390174866,0.6624677181243896,-0.09409874677658081,0.5390924215316772,0.6475944519042969,-0.11381769180297852,0.5681267976760864,0.615068793296814,-0.09010890871286392,0.6100172996520996,0.6082274317741394,-0.0725352093577385,0.6676905155181885,0.7282881140708923,-0.08872462809085846,0.5688130855560303,0.6958500146865845,-0.10129088908433914,0.5943737030029297,0.6658164262771606,-0.08424638211727142,0.6276406645774841,0.6629655957221985,-0.07168962806463242,0.12381559610366821,0.6781995296478271,1.200368160425569e-07,0.19525521993637085,0.6062909364700317,0.010148664005100727,0.2832546830177307,0.5741396546363831,-0.00684652803465724,0.3425794243812561,0.599315345287323,-0.029166318476200104,0.37000495195388794,0.6380069255828857,-0.05196421220898628,0.3001980483531952,0.5065941214561462,-0.04461716115474701,0.38014668226242065,0.4860330820083618,-0.07527799159288406,0.42688754200935364,0.47901082038879395,-0.09240976721048355,0.46241578459739685,0.47934120893478394,-0.10350798815488815,0.2781420052051544,0.549564778804779,-0.07073862850666046,0.3765389323234558,0.6726821064949036,-0.10396843403577805,0.3401640057563782,0.6813030242919922,-0.10157027840614319,0.3064218759536743,0.6510525345802307,-0.09729691594839096,0.2507224678993225,0.6123567223548889,-0.09439581632614136,0.33830466866493225,0.7293975949287415,-0.1189415231347084,0.29924556612968445,0.719383716583252,-0.10110719501972198,0.27247583866119385,0.6850519180297852,-0.08723807334899902,0.22290875017642975,0.679847776889801,-0.1175430417060852,0.3023163378238678,0.7632051110267639,-0.12240732461214066,0.2741346061229706,0.7519911527633667,-0.10011805593967438,0.24428477883338928,0.7207035422325134,-0.08417126536369324,Q
0.7766266465187073,0.598080039024353,3.2421900186818675e-07,0.727532148361206,0.4949728548526764,-0.0296633318066597,0.6203380227088928,0.4488658308982849,-0.05172739923000336,0.5324698686599731,0.46053847670555115,-0.06376907974481583,0.47069674730300903,0.47604045271873474,-0.07627059519290924,0.6442335247993469,0.4842321276664734,-0.10008423775434494,0.5293434858322144,0.5097522735595703,-0.12994778156280518,0.47120028734207153,0.5118350982666016,-0.13808530569076538,0.4371437430381775,0.5203548073768616,-0.1403358280658722,0.6534848213195801,0.5864258408546448,-0.09718091040849686,0.511273980140686,0.5856282114982605,-0.12817701697349548,0.5360742807388306,0.5487712025642395,-0.12308458238840103,0.5890066027641296,0.5385896563529968,-0.11510808765888214,0.6630434989929199,0.6674331426620483,-0.0907304584980011,0.5404492616653442,0.6471171379089355,-0.11258894950151443,0.5698090195655823,0.6133145093917847,-0.08931237459182739,0.6125133633613586,0.6090353727340698,-0.071116603910923,0.6685194969177246,0.7324989438056946,-0.0854443833231926,0.5676741600036621,0.6973676681518555,-0.09857062995433807,0.5935782194137573,0.6668518781661987,-0.08055625855922699,0.6285853385925293,0.6667149662971497,-0.0670572966337204,0.12406760454177856,0.6799144148826599,1.2432350615654286e-07,0.19379088282585144,0.6077688932418823,0.008712328970432281,0.2809976041316986,0.574647843837738,-0.008185840211808681,0.34054461121559143,0.5987931489944458,-0.029998382553458214,0.3701900243759155,0.635679304599762,-0.052040938287973404,0.2996276319026947,0.5071766376495361,-0.045230500400066376,0.380171000957489,0.48749375343322754,-0.0776362195611,0.4290422201156616,0.48082953691482544,-0.09639924019575119,0.4656282663345337,0.4813452363014221,-0.10820996761322021,0.2779584527015686,0.5515033602714539,-0.07060559093952179,0.37576156854629517,0.6750467419624329,-0.10457254946231842,0.3404183089733124,0.6821998357772827,-0.10302918404340744,0.30701449513435364,0.6502288579940796,-0.09930647164583206,0.25125280022621155,0.6151465177536011,-0.093831367790699,0.33834540843963623,0.7323817610740662,-0.11935970932245255,0.2997268736362457,0.7217496037483215,-0.10221731662750244,0.27305757999420166,0.6860837936401367,-0.0886072888970375,0.2240334451198578,0.6831974387168884,-0.11665613204240799,0.30230146646499634,0.7667253613471985,-0.12219845503568649,0.2739326059818268,0.7552999258041382,-0.1001845970749855,0.24391624331474304,0.7229699492454529,-0.08419038355350494,Q
0.7770435810089111,0.5964049100875854,3.446455991706898e-07,0.7256669998168945,0.4935392141342163,-0.029087861999869347,0.6203352212905884,0.44369885325431824,-0.05203303322196007,0.5351912975311279,0.45686525106430054,-0.06480684131383896,0.478996217250824,0.47797006368637085,-0.07769398391246796,0.6454272270202637,0.48510605096817017,-0.10229849815368652,0.5274502038955688,0.514501690864563,-0.13132087886333466,0.4691195487976074,0.5154978632926941,-0.13772548735141754,0.4360562264919281,0.5209839940071106,-0.13856545090675354,0.6563935875892639,0.5873327255249023,-0.09949658811092377,0.5100738406181335,0.5888690948486328,-0.1307465136051178,0.5336940884590149,0.551223635673523,-0.12461062520742416,0.587678074836731,0.538934051990509,-0.11528671532869339,0.6652722954750061,0.6676149368286133,-0.09290684014558792,0.5393672585487366,0.6463479995727539,-0.11509424448013306,0.568337082862854,0.6117523908615112,-0.09233441948890686,0.6108739376068115,0.6057133674621582,-0.07388978451490402,0.6695048809051514,0.731909453868866,-0.08729978650808334,0.5684130191802979,0.6939213871955872,-0.10071414709091187,0.5946073532104492,0.6624841094017029,-0.08367755264043808,0.6291613578796387,0.6608436107635498,-0.07059136778116226,0.12426601350307465,0.6806401610374451,1.2618104960893106e-07,0.19335156679153442,0.609800398349762,0.008579498156905174,0.2795105576515198,0.5756585001945496,-0.008581739850342274,0.3389691412448883,0.597578763961792,-0.03062557242810726,0.36922487616539,0.6322292685508728,-0.05298464372754097,0.3001750111579895,0.5080701112747192,-0.04607304558157921,0.3822040855884552,0.4872661232948303,-0.07860162109136581,0.4314221143722534,0.48133304715156555,-0.09706586599349976,0.468146413564682,0.48236703872680664,-0.10866504907608032,0.27872636914253235,0.5514833331108093,-0.07129818946123123,0.37628301978111267,0.6745613813400269,-0.10557232052087784,0.3405827283859253,0.6828410029411316,-0.10399876534938812,0.3077440559864044,0.6508376002311707,-0.10027109831571579,0.2522456645965576,0.6144942045211792,-0.09431571513414383,0.3390706181526184,0.7321848273277283,-0.12020505219697952,0.3001285791397095,0.7223435044288635,-0.10301664471626282,0.27375391125679016,0.6865218877792358,-0.08942465484142303,0.22513866424560547,0.6821040511131287,-0.11689255386590958,0.30266281962394714,0.7659453749656677,-0.12306268513202667,0.2739444375038147,0.7553732991218567,-0.10124897956848145,0.24420173466205597,0.7230128049850464,-0.08532483875751495,Q
0.7777408361434937,0.5959138870239258,3.3948523991966795e-07,0.7283793687820435,0.493960440158844,-0.028034187853336334,0.6246073842048645,0.4439391493797302,-0.05075545608997345,0.5388450026512146,0.4536375403404236,-0.0634918063879013,0.4809749722480774,0.4784093499183655,-0.07654674351215363,0.6469167470932007,0.48419317603111267,-0.10353214293718338,0.5285421013832092,0.5128992795944214,-0.13320226967334747,0.4699997305870056,0.5149949789047241,-0.1401212215423584,0.4361160397529602,0.520868718624115,-0.1412125825881958,0.6570702195167542,0.5854976177215576,-0.10112058371305466,0.5101890563964844,0.5892950892448425,-0.1321522444486618,0.5315129160881042,0.5522602200508118,-0.1260080486536026,0.5833719968795776,0.5386753082275391,-0.11705707013607025,0.6652892231941223,0.6663744449615479,-0.09466873109340668,0.5392051339149475,0.6486523151397705,-0.11592695862054825,0.5660824179649353,0.6147911548614502,-0.0926341563463211,0.6081973314285278,0.6076786518096924,-0.07428091019392014,0.6690286993980408,0.731173038482666,-0.08917082101106644,0.5665936470031738,0.6978987455368042,-0.1017444059252739,0.5911353230476379,0.6670540571212769,-0.08398640155792236,0.6257727146148682,0.6643503904342651,-0.07049664855003357,0.12215006351470947,0.6781659126281738,1.228663819574649e-07,0.19244030117988586,0.6068038940429688,0.007829184643924236,0.2797839045524597,0.5754113793373108,-0.010093813762068748,0.34011951088905334,0.6022757887840271,-0.03260192647576332,0.371762752532959,0.6407248973846436,-0.0552067831158638,0.2996599078178406,0.5074848532676697,-0.049143511801958084,0.3825312852859497,0.48752111196517944,-0.08296025544404984,0.43357691168785095,0.48229867219924927,-0.10255289077758789,0.4707130193710327,0.48438626527786255,-0.11473368853330612,0.27735644578933716,0.552434504032135,-0.0745370015501976,0.37431058287620544,0.6759888529777527,-0.10890963673591614,0.33893677592277527,0.6830987930297852,-0.10726559907197952,0.30566784739494324,0.6503922939300537,-0.10390554368495941,0.25048211216926575,0.6163641810417175,-0.09777703881263733,0.33876150846481323,0.7344982028007507,-0.12398410588502884,0.2997174561023712,0.723793625831604,-0.10640044510364532,0.2726568579673767,0.6874735951423645,-0.09272931516170502,0.22339195013046265,0.6849035620689392,-0.12067346274852753,0.30247870087623596,0.7691508531570435,-0.12673652172088623,0.27382540702819824,0.75798499584198,-0.1041591614484787,0.24308669567108154,0.7255783677101135,-0.08778589963912964,Q
0.7769002914428711,0.5964717864990234,3.4953620797750773e-07,0.7275685667991638,0.4946940839290619,-0.028296878561377525,0.6246651411056519,0.4457201361656189,-0.051351483911275864,0.5397805571556091,0.4545223116874695,-0.06438455730676651,0.478922039270401,0.473389595746994,-0.07758668810129166,0.6446017026901245,0.4847962260246277,-0.10461968928575516,0.5226514339447021,0.5159872770309448,-0.13453127443790436,0.465717077255249,0.5163918137550354,-0.14121419191360474,0.43522197008132935,0.5202515721321106,-0.1416463851928711,0.6550158262252808,0.5862802863121033,-0.10174883902072906,0.5090523362159729,0.5905139446258545,-0.13152660429477692,0.5299327373504639,0.5526629090309143,-0.12448012083768845,0.5817140936851501,0.5382379293441772,-0.1153986006975174,0.6640958786010742,0.6667109727859497,-0.0950075015425682,0.5386239290237427,0.648542582988739,-0.11495962738990784,0.5649070739746094,0.6149051189422607,-0.09123367816209793,0.6063917279243469,0.6075040698051453,-0.07322854548692703,0.6685306429862976,0.7310097813606262,-0.08928953856229782,0.5674712657928467,0.6971403360366821,-0.10158410668373108,0.5918818712234497,0.666912317276001,-0.08399295806884766,0.6260213851928711,0.6640995144844055,-0.0707334652543068,0.12143270671367645,0.6784613728523254,1.386104742095995e-07,0.19088195264339447,0.6048930287361145,0.008060195483267307,0.27884507179260254,0.5727248787879944,-0.009971105493605137,0.3394823372364044,0.5991109013557434,-0.03267059102654457,0.37164396047592163,0.6378414630889893,-0.05556393787264824,0.2990668714046478,0.5068308115005493,-0.04928579181432724,0.38345813751220703,0.48644471168518066,-0.083713598549366,0.43509626388549805,0.48217329382896423,-0.1033894345164299,0.47431957721710205,0.48578083515167236,-0.11551658809185028,0.2772665321826935,0.5525471568107605,-0.07473041862249374,0.37560558319091797,0.6758698225021362,-0.11033201217651367,0.3384445607662201,0.6820463538169861,-0.10844935476779938,0.3048204183578491,0.6490264534950256,-0.10429047793149948,0.2504962980747223,0.6168551445007324,-0.09801283478736877,0.3387761414051056,0.7346407175064087,-0.1246303990483284,0.29888197779655457,0.7234862446784973,-0.10621333122253418,0.27186650037765503,0.6870009303092957,-0.09157523512840271,0.22299456596374512,0.6852074861526489,-0.12093576788902283,0.30229026079177856,0.7690430879592896,-0.1269657015800476,0.2735291123390198,0.7581032514572144,-0.10400066524744034,0.24348564445972443,0.7253038287162781,-0.08713874220848083,Q
0.7761316895484924,0.5916197299957275,3.382464797141438e-07,0.7262516021728516,0.49181094765663147,-0.02613735757768154,0.6244683861732483,0.44614583253860474,-0.04855068027973175,0.5401927828788757,0.4555935859680176,-0.06157204881310463,0.48042720556259155,0.4764227867126465,-0.07476986944675446,0.6428611874580383,0.48440665006637573,-0.10156882554292679,0.5186644792556763,0.5195468664169312,-0.13092178106307983,0.4638935327529907,0.5180232524871826,-0.13732385635375977,0.43637794256210327,0.5191763639450073,-0.13728347420692444,0.653268575668335,0.5842635035514832,-0.0991741493344307,0.5092470049858093,0.5921556353569031,-0.12768809497356415,0.5298866033554077,0.554630696773529,-0.12050212919712067,0.5814181566238403,0.5397530198097229,-0.11156902462244034,0.6627765893936157,0.6640106439590454,-0.09286405146121979,0.5390331745147705,0.6496831774711609,-0.11085236817598343,0.5645896792411804,0.6162801384925842,-0.08714181184768677,0.6059327125549316,0.6085282564163208,-0.06964775919914246,0.6679396629333496,0.7284271121025085,-0.0875193327665329,0.5686144232749939,0.6978682279586792,-0.0981990173459053,0.592237651348114,0.6677345633506775,-0.08053906261920929,0.6257918477058411,0.664421021938324,-0.06743662804365158,0.12088525295257568,0.6773953437805176,1.3827497014062828e-07,0.19212421774864197,0.6056822538375854,0.008214135654270649,0.281779021024704,0.5776495933532715,-0.01072901301085949,0.3425697088241577,0.6082608699798584,-0.03459908440709114,0.37324026226997375,0.6491901278495789,-0.05871354788541794,0.2989432215690613,0.5058965086936951,-0.049877945333719254,0.3832938075065613,0.4856940507888794,-0.08465027809143066,0.4351990818977356,0.4809719920158386,-0.10485020279884338,0.47431424260139465,0.48440706729888916,-0.11752237379550934,0.2762042284011841,0.5524188876152039,-0.0759953036904335,0.37401461601257324,0.6734257936477661,-0.11241020262241364,0.3371817469596863,0.6799789667129517,-0.11112727969884872,0.30412304401397705,0.6481143832206726,-0.10752903670072556,0.24900029599666595,0.6175689697265625,-0.09985047578811646,0.33818185329437256,0.7333637475967407,-0.12710261344909668,0.29827630519866943,0.7228072285652161,-0.10838622599840164,0.271070659160614,0.6876423358917236,-0.09359084814786911,0.22169753909111023,0.686445415019989,-0.12337660044431686,0.3021576702594757,0.7695881128311157,-0.12973661720752716,0.2732973098754883,0.7585516571998596,-0.10651887953281403,0.24304631352424622,0.7264875769615173,-0.08959965407848358,Q
0.778136134147644,0.5971314311027527,3.3131507848338515e-07,0.7279547452926636,0.49458929896354675,-0.02716628462076187,0.6242927312850952,0.4449714124202728,-0.04898548126220703,0.5372247099876404,0.4564740061759949,-0.06078260391950607,0.47808438539505005,0.47988879680633545,-0.0726279765367508,0.6456382274627686,0.4884693920612335,-0.10139796882867813,0.5246874690055847,0.5203664898872375,-0.13057772815227509,0.4692828059196472,0.5180259943008423,-0.1367919147014618,0.44000160694122314,0.5186324119567871,-0.1369229555130005,0.6547172665596008,0.5878331661224365,-0.09835755079984665,0.5095429420471191,0.5925097465515137,-0.12764392793178558,0.5309159755706787,0.5545788407325745,-0.1207679808139801,0.5823445320129395,0.5401102900505066,-0.11154396086931229,0.6629773378372192,0.6658595204353333,-0.09136030077934265,0.5390027165412903,0.6495576500892639,-0.11035282909870148,0.5647775530815125,0.6151193380355835,-0.08673128485679626,0.6060920357704163,0.607281506061554,-0.06876504421234131,0.6676819324493408,0.728501558303833,-0.08537070453166962,0.5685629844665527,0.6967437863349915,-0.09663067013025284,0.5925966501235962,0.6666274070739746,-0.07919152826070786,0.6260749697685242,0.6640310287475586,-0.06604661792516708,0.12096253037452698,0.6772739887237549,1.3869347981199098e-07,0.1924000084400177,0.6058449149131775,0.008379524573683739,0.2818390429019928,0.5779843926429749,-0.010644122958183289,0.342552125453949,0.6084932088851929,-0.03460750728845596,0.37326905131340027,0.649265468120575,-0.058814290910959244,0.298954576253891,0.5059607625007629,-0.0501430481672287,0.38362541794776917,0.48555314540863037,-0.08491078019142151,0.4358125925064087,0.481114000082016,-0.10505784302949905,0.4749870300292969,0.48502862453460693,-0.11767136305570602,0.2762909531593323,0.5525815486907959,-0.07632077485322952,0.37406793236732483,0.6735710501670837,-0.11264668405056,0.3374166190624237,0.6804758310317993,-0.11131224036216736,0.3043662905693054,0.6486879587173462,-0.10773181915283203,0.24924053251743317,0.6178344488143921,-0.10018697381019592,0.338312566280365,0.7334883809089661,-0.1272706538438797,0.2985084354877472,0.7231829762458801,-0.10840314626693726,0.2712087631225586,0.6880415081977844,-0.09358406811952591,0.22204825282096863,0.6867339015007019,-0.1237063854932785,0.30237656831741333,0.7697558999061584,-0.1299995332956314,0.27354106307029724,0.7588382363319397,-0.10669232904911041,0.2432212233543396,0.7268037796020508,-0.08972247689962387,Q
0.7746217250823975,0.5941981077194214,3.604615699259739e-07,0.7250886559486389,0.49300530552864075,-0.026862680912017822,0.6235591173171997,0.44665753841400146,-0.049518078565597534,0.5383056402206421,0.4574781358242035,-0.06250789761543274,0.47708645462989807,0.4754161834716797,-0.07523178309202194,0.6435335874557495,0.48917099833488464,-0.10397371649742126,0.5158281922340393,0.5220821499824524,-0.1338794231414795,0.46160900592803955,0.5177581906318665,-0.13953308761119843,0.4354308843612671,0.5161134600639343,-0.13874419033527374,0.6528521776199341,0.5895166397094727,-0.10105165839195251,0.5074595212936401,0.5927735567092896,-0.13026565313339233,0.5281246304512024,0.5538741946220398,-0.12248314172029495,0.5789783000946045,0.539297342300415,-0.11297024041414261,0.6614648103713989,0.6684890389442444,-0.0941910371184349,0.5386347770690918,0.6499776244163513,-0.11228100210428238,0.5644426941871643,0.6154178977012634,-0.08799096941947937,0.6050860285758972,0.608277440071106,-0.07017301768064499,0.6660045981407166,0.7320839762687683,-0.0883842185139656,0.5689291954040527,0.6979163885116577,-0.09890149533748627,0.5926169157028198,0.6672839522361755,-0.08134479820728302,0.625324547290802,0.6651594638824463,-0.06836553663015366,0.1217907965183258,0.6787654757499695,1.4192170283422456e-07,0.1931215226650238,0.6060742139816284,0.009015705436468124,0.2811180055141449,0.575798511505127,-0.009695407003164291,0.34152865409851074,0.603229284286499,-0.033182743936777115,0.3721768856048584,0.6419714093208313,-0.056870896369218826,0.2993176281452179,0.5071800947189331,-0.051905471831560135,0.38340502977371216,0.48520517349243164,-0.0876452848315239,0.4356917440891266,0.4814832806587219,-0.10767748206853867,0.47455137968063354,0.48652154207229614,-0.11955910176038742,0.27646520733833313,0.5536277294158936,-0.07804431021213531,0.376085102558136,0.6752325296401978,-0.11375442147254944,0.3403134346008301,0.6825248599052429,-0.11079887300729752,0.30644235014915466,0.6509922742843628,-0.10592421144247055,0.24922871589660645,0.6184224486351013,-0.10194583237171173,0.33841052651405334,0.7355536222457886,-0.1290007084608078,0.29920631647109985,0.7250223755836487,-0.1102362647652626,0.27162957191467285,0.6892706155776978,-0.09524525701999664,0.22196008265018463,0.6876648664474487,-0.12530139088630676,0.3014979660511017,0.7717366218566895,-0.13075833022594452,0.27331027388572693,0.7604984641075134,-0.10714119672775269,0.24262911081314087,0.7277417182922363,-0.0899834856390953,Q
0.776519775390625,0.5985869765281677,3.431312052271096e-07,0.7277141213417053,0.4941290020942688,-0.028210477903485298,0.6232025623321533,0.4468171000480652,-0.05062868073582649,0.5352606773376465,0.4617689251899719,-0.0627235621213913,0.47572576999664307,0.48316773772239685,-0.07458232343196869,0.644325315952301,0.4902191162109375,-0.10542842000722885,0.5160508155822754,0.5237738490104675,-0.1350473314523697,0.46402549743652344,0.5162757635116577,-0.14072194695472717,0.43990492820739746,0.5117470026016235,-0.1400187760591507,0.652595043182373,0.5912876129150391,-0.10098712146282196,0.5087056756019592,0.5935512185096741,-0.12851499021053314,0.5294452905654907,0.5550857186317444,-0.12017446756362915,0.5799680352210999,0.5416685342788696,-0.11092588305473328,0.6606337428092957,0.6698090434074402,-0.09266746044158936,0.5386968851089478,0.6502510905265808,-0.10878827422857285,0.5644338130950928,0.6154191493988037,-0.08441860228776932,0.6053988933563232,0.6085608005523682,-0.0673244446516037,0.6653201580047607,0.7324280738830566,-0.08556614816188812,0.5690769553184509,0.6971389055252075,-0.09479076415300369,0.592528760433197,0.66695636510849,-0.07746366411447525,0.6249213218688965,0.6656766533851624,-0.06509489566087723,0.12095564603805542,0.6801332831382751,1.3682775090728683e-07,0.19192901253700256,0.6073516607284546,0.008856957778334618,0.28082045912742615,0.5769887566566467,-0.009584056213498116,0.34190481901168823,0.6051102876663208,-0.03281155601143837,0.37288063764572144,0.644584059715271,-0.05627702176570892,0.29883047938346863,0.5074374675750732,-0.050750620663166046,0.3827049732208252,0.4856923222541809,-0.08590111881494522,0.4347701072692871,0.48188623785972595,-0.1057715117931366,0.47351735830307007,0.48624277114868164,-0.11775872111320496,0.2756361961364746,0.5533956289291382,-0.0768570676445961,0.3751177191734314,0.6746986508369446,-0.11225683242082596,0.339205801486969,0.6826668977737427,-0.10959532111883163,0.30593839287757874,0.6512387990951538,-0.10506328195333481,0.24823559820652008,0.6177695393562317,-0.10077395290136337,0.33835849165916443,0.7350867390632629,-0.1277538686990738,0.29899293184280396,0.7252044677734375,-0.1091754212975502,0.27171850204467773,0.6896376609802246,-0.09440886974334717,0.22089198231697083,0.6868730187416077,-0.12419350445270538,0.3014148771762848,0.7709075212478638,-0.12974795699119568,0.27308061718940735,0.7602731585502625,-0.1062873899936676,0.24242053925991058,0.7277094721794128,-0.08931785821914673,Q
0.7757791876792908,0.5977588891983032,3.26655907656459e-07,0.7245234847068787,0.4962533712387085,-0.026033183559775352,0.6215901374816895,0.44911473989486694,-0.0477214977145195,0.536471426486969,0.4595743417739868,-0.06016391143202782,0.47770896553993225,0.4811117947101593,-0.07247079163789749,0.6412474513053894,0.48738911747932434,-0.1019325852394104,0.5144699215888977,0.5239635705947876,-0.13210739195346832,0.4627295136451721,0.5227518081665039,-0.13853083550930023,0.4395148754119873,0.5228412747383118,-0.1380363553762436,0.6514954566955566,0.5886221528053284,-0.09901884943246841,0.5106461048126221,0.5957289338111877,-0.12777017056941986,0.5312401056289673,0.5587468147277832,-0.12032561749219894,0.581670880317688,0.5432659983634949,-0.11133743077516556,0.6604776382446289,0.6690285205841064,-0.09241262823343277,0.5394566655158997,0.6533210277557373,-0.10991843044757843,0.5650056004524231,0.6205562949180603,-0.0865478664636612,0.6058584451675415,0.6126389503479004,-0.06955982744693756,0.6649392247200012,0.7341434359550476,-0.08688503503799438,0.567432165145874,0.7016375064849854,-0.0968233048915863,0.5912744402885437,0.6723814010620117,-0.0797145739197731,0.6244428157806396,0.6696075797080994,-0.06717818975448608,0.11941345036029816,0.6825268864631653,1.5174057921285566e-07,0.19051885604858398,0.6085756421089172,0.008749689906835556,0.2787588834762573,0.5779290199279785,-0.009934254921972752,0.34124186635017395,0.6043713688850403,-0.03301933407783508,0.373099148273468,0.6408008337020874,-0.056264735758304596,0.29724180698394775,0.5074192881584167,-0.053282979875802994,0.3838101625442505,0.4867178797721863,-0.09007595479488373,0.4386037588119507,0.48452627658843994,-0.11062357574701309,0.4795103669166565,0.49022233486175537,-0.12249784171581268,0.27619561553001404,0.5541784763336182,-0.07939673960208893,0.3758235573768616,0.6753227114677429,-0.11395162343978882,0.33996322751045227,0.6837441325187683,-0.11003377288579941,0.30677929520606995,0.6518877744674683,-0.10485566407442093,0.24973027408123016,0.6195316314697266,-0.10339313745498657,0.33931562304496765,0.7362428903579712,-0.130020409822464,0.3001786470413208,0.7277394533157349,-0.11068253219127655,0.27301520109176636,0.6920412182807922,-0.09553021192550659,0.22256135940551758,0.6897580027580261,-0.1269102543592453,0.3016207814216614,0.7728947401046753,-0.13179361820220947,0.27384909987449646,0.7637201547622681,-0.10740096867084503,0.24311132729053497,0.731261670589447,-0.08983292430639267,Q
0.7749657034873962,0.6015922427177429,3.268298769398825e-07,0.7265348434448242,0.4972866177558899,-0.027755051851272583,0.62308669090271,0.448478102684021,-0.04913854971528053,0.5377078652381897,0.4607120156288147,-0.060746874660253525,0.47724178433418274,0.47902870178222656,-0.07200922071933746,0.6405555009841919,0.48988109827041626,-0.1014837771654129,0.5145971179008484,0.5230228304862976,-0.1308300495147705,0.4612813889980316,0.5232424139976501,-0.13662655651569366,0.4365962743759155,0.5254479050636292,-0.135820209980011,0.6503979563713074,0.592127799987793,-0.09762141853570938,0.5082828402519226,0.5965149998664856,-0.12589646875858307,0.5286902785301208,0.5602090358734131,-0.11842992901802063,0.5793690085411072,0.5460489392280579,-0.10921948403120041,0.6591632962226868,0.6716797947883606,-0.09026312083005905,0.5372476577758789,0.6530466675758362,-0.10790085792541504,0.5627543926239014,0.6199266910552979,-0.08506517857313156,0.6029344797134399,0.6127402782440186,-0.06823235005140305,0.6633434891700745,0.7356821298599243,-0.08406265825033188,0.565281867980957,0.7004833817481995,-0.09450364112854004,0.5890053510665894,0.670971691608429,-0.0780736431479454,0.6215720176696777,0.6688559055328369,-0.06595214456319809,0.11758433282375336,0.6868914365768433,1.431922385108919e-07,0.18857303261756897,0.6123374104499817,0.009026850573718548,0.27725517749786377,0.5806927680969238,-0.010322445072233677,0.33962300419807434,0.6072885394096375,-0.03459446504712105,0.3714457154273987,0.6449750661849976,-0.05911597982048988,0.29690077900886536,0.5080817937850952,-0.051448337733745575,0.3824169635772705,0.4868958294391632,-0.08713824301958084,0.43640124797821045,0.4848960041999817,-0.1073729395866394,0.4762483239173889,0.49102097749710083,-0.11957370489835739,0.2748645544052124,0.5549511909484863,-0.07808583974838257,0.3742217421531677,0.6757106781005859,-0.11331566423177719,0.3375333845615387,0.683194637298584,-0.1103435605764389,0.3037908971309662,0.6508911848068237,-0.10586384683847427,0.24816638231277466,0.6207862496376038,-0.10250149667263031,0.3382759988307953,0.7367731928825378,-0.1288880854845047,0.2981334626674652,0.7271073460578918,-0.10917434096336365,0.27009499073028564,0.6915066242218018,-0.09409425407648087,0.22105611860752106,0.6910384893417358,-0.12654098868370056,0.3008859157562256,0.7732868194580078,-0.1316254884004593,0.2718167304992676,0.7630343437194824,-0.10738664865493774,0.24072831869125366,0.7309534549713135,-0.09002921730279922,Q
0.7755281925201416,0.6015092134475708,3.343127445987193e-07,0.7269418239593506,0.49727073311805725,-0.02848171629011631,0.6239533424377441,0.44758856296539307,-0.0508284792304039,0.5391325950622559,0.4587830901145935,-0.06325820833444595,0.47902345657348633,0.47908610105514526,-0.07555548846721649,0.6413394212722778,0.4900696873664856,-0.10343365371227264,0.5173496007919312,0.5228958129882812,-0.13375551998615265,0.462833046913147,0.5233935117721558,-0.14051762223243713,0.4357467293739319,0.5267789363861084,-0.1405920833349228,0.6510537266731262,0.5924229025840759,-0.09985823929309845,0.5088046789169312,0.5960157513618469,-0.129471555352211,0.5299545526504517,0.5591510534286499,-0.12262561917304993,0.5808966755867004,0.5453177690505981,-0.1137208417057991,0.6599012613296509,0.6722999215126038,-0.09271832555532455,0.537544846534729,0.6537134647369385,-0.111395925283432,0.563555121421814,0.6200130581855774,-0.08825675398111343,0.6040704846382141,0.6130138635635376,-0.07106371968984604,0.6642098426818848,0.7363598346710205,-0.08679521828889847,0.5649588704109192,0.7015514969825745,-0.0978875532746315,0.5892736315727234,0.6713515520095825,-0.08095026761293411,0.6223906874656677,0.6690703630447388,-0.06840632855892181,0.11645190417766571,0.6885977387428284,1.19936515829977e-07,0.1884709894657135,0.6148276329040527,0.009781363420188427,0.2777157127857208,0.58155357837677,-0.007599913515150547,0.33928000926971436,0.606092095375061,-0.03016909584403038,0.37100791931152344,0.6432276368141174,-0.052919596433639526,0.29640114307403564,0.5096564292907715,-0.046454109251499176,0.38096505403518677,0.4881953001022339,-0.079513780772686,0.4333379864692688,0.483055979013443,-0.0980333685874939,0.4727875590324402,0.4857068657875061,-0.10950541496276855,0.2751696705818176,0.5549479722976685,-0.07301092892885208,0.3747777044773102,0.6760133504867554,-0.10714752972126007,0.3380402624607086,0.6839605569839478,-0.10452505946159363,0.30427315831184387,0.6523807048797607,-0.10011651366949081,0.24879318475723267,0.6199386119842529,-0.09737307578325272,0.3382275402545929,0.7363719940185547,-0.1231222003698349,0.29842349886894226,0.7273699045181274,-0.10461161285638809,0.2710390090942383,0.6919325590133667,-0.09019530564546585,0.22164875268936157,0.6900150179862976,-0.12131019681692123,0.30116885900497437,0.7730728387832642,-0.12628863751888275,0.2726474702358246,0.7630977034568787,-0.10314162820577621,0.2419186532497406,0.7309792637825012,-0.08649750053882599,Q
0.7732259035110474,0.5955108404159546,3.1820661661186023e-07,0.7236725687980652,0.4930660128593445,-0.02676551789045334,0.6207190155982971,0.44705644249916077,-0.04792150855064392,0.5367058515548706,0.45977240800857544,-0.05976187810301781,0.4772486686706543,0.4792921543121338,-0.07145286351442337,0.6382943391799927,0.4898449778556824,-0.09956062585115433,0.514433741569519,0.5235968828201294,-0.12880946695804596,0.46245765686035156,0.5236237049102783,-0.1350049078464508,0.43782585859298706,0.5260570049285889,-0.13462083041667938,0.6490887999534607,0.591753363609314,-0.09632821381092072,0.5094179511070251,0.5960895419120789,-0.12455762177705765,0.5305845737457275,0.5598511695861816,-0.1175941452383995,0.5810942649841309,0.5460864901542664,-0.10893527418375015,0.6587911248207092,0.6715991497039795,-0.08953452110290527,0.5384984016418457,0.6534742116928101,-0.10703524202108383,0.5642486810684204,0.6207319498062134,-0.08413352072238922,0.6048012375831604,0.6138977408409119,-0.06740210950374603,0.6641497611999512,0.7360690236091614,-0.08386468142271042,0.5661604404449463,0.702347993850708,-0.09387911856174469,0.5901012420654297,0.6729605793952942,-0.07686717808246613,0.6232412457466125,0.6706486940383911,-0.06446586549282074,0.11716538667678833,0.6873855590820312,1.1971782498676475e-07,0.19014593958854675,0.6134236454963684,0.01037782896310091,0.27956172823905945,0.5811206698417664,-0.007155864965170622,0.34045839309692383,0.6081730723381042,-0.03002987988293171,0.3708319664001465,0.6470674276351929,-0.05315273255109787,0.2977393865585327,0.5088717937469482,-0.046009983867406845,0.38101667165756226,0.48834168910980225,-0.07844648510217667,0.4324777126312256,0.48343777656555176,-0.09663710743188858,0.47061818838119507,0.486687570810318,-0.10790084302425385,0.27598926424980164,0.5543789267539978,-0.07268007844686508,0.3745662569999695,0.6788798570632935,-0.10594724863767624,0.3376145660877228,0.6863359808921814,-0.10289551317691803,0.3036697208881378,0.6542104482650757,-0.09833618253469467,0.24889619648456573,0.6196607351303101,-0.09706971794366837,0.3374629020690918,0.7392354011535645,-0.12198959290981293,0.2978651225566864,0.7289606928825378,-0.10362648963928223,0.27081412076950073,0.6928959488868713,-0.08951211720705032,0.22116291522979736,0.6896755695343018,-0.12095183879137039,0.30032944679260254,0.7741210460662842,-0.1253919154405594,0.2720105051994324,0.7629354000091553,-0.10221567004919052,0.24159455299377441,0.7300523519515991,-0.08564430475234985,Q
0.773289680480957,0.5968928337097168,3.6611118048313074e-07,0.7239162921905518,0.494005024433136,-0.03069726936519146,0.6173243522644043,0.44656121730804443,-0.05376765877008438,0.5301429033279419,0.46296584606170654,-0.06583190709352493,0.47178784012794495,0.4844067096710205,-0.07749956101179123,0.6415947079658508,0.49259865283966064,-0.10757626593112946,0.517093300819397,0.5229997634887695,-0.13766421377658844,0.46222198009490967,0.5181543827056885,-0.14307871460914612,0.4337329864501953,0.515338659286499,-0.14237987995147705,0.6522040367126465,0.5951735973358154,-0.10244449228048325,0.5080857276916504,0.5966930985450745,-0.13222840428352356,0.5304505825042725,0.5593287944793701,-0.12391188740730286,0.5818126797676086,0.5448191165924072,-0.1138344258069992,0.6608845591545105,0.6742053627967834,-0.0936204269528389,0.5387240648269653,0.6532360911369324,-0.11239516735076904,0.5654838681221008,0.6193498373031616,-0.08800627291202545,0.606108546257019,0.6124821901321411,-0.06993471831083298,0.6651446223258972,0.7370539903640747,-0.08609675616025925,0.5670368671417236,0.7006680965423584,-0.09669992327690125,0.5915973782539368,0.6708192825317383,-0.07930553704500198,0.6240838766098022,0.6699609756469727,-0.06663673371076584,0.11683058738708496,0.6859871745109558,1.276653591730792e-07,0.19019007682800293,0.6127656102180481,0.010128001682460308,0.27973464131355286,0.5817832946777344,-0.008563190698623657,0.3410201072692871,0.6099271178245544,-0.03266120329499245,0.369833767414093,0.649516224861145,-0.057051222771406174,0.2968997657299042,0.5098456144332886,-0.04747724160552025,0.3808586895465851,0.4877328872680664,-0.08061981946229935,0.432841956615448,0.4844564199447632,-0.09890281409025192,0.47047317028045654,0.4893686771392822,-0.11002112925052643,0.2748686373233795,0.5558175444602966,-0.07427921891212463,0.37328392267227173,0.6774863600730896,-0.10825534909963608,0.33618488907814026,0.686012327671051,-0.10510500520467758,0.30275410413742065,0.654187023639679,-0.10028910636901855,0.24808363616466522,0.6209830045700073,-0.09872894734144211,0.33709457516670227,0.7381271719932556,-0.12421992421150208,0.29724395275115967,0.7287448644638062,-0.10519731044769287,0.27023154497146606,0.6932369470596313,-0.09047967195510864,0.2209797501564026,0.6908396482467651,-0.12265636771917343,0.30073636770248413,0.7731537818908691,-0.12725825607776642,0.27212923765182495,0.7630215883255005,-0.10328090190887451,0.24177926778793335,0.731224000453949,-0.08603810518980026,Q
0.7727640867233276,0.5976594090461731,3.90991516496797e-07,0.7229547500610352,0.493721604347229,-0.03208685293793678,0.6136295199394226,0.4458693265914917,-0.055291369557380676,0.5248168110847473,0.46415072679519653,-0.0669701024889946,0.46710556745529175,0.48758620023727417,-0.0782356932759285,0.6405693888664246,0.4920158386230469,-0.10987293720245361,0.512580394744873,0.5207676291465759,-0.13892388343811035,0.453088641166687,0.5142309069633484,-0.14308802783489227,0.41875404119491577,0.5089730620384216,-0.14204327762126923,0.6516494154930115,0.5950422883033752,-0.10399182885885239,0.506838321685791,0.5958625078201294,-0.13383273780345917,0.5301628112792969,0.5585783123970032,-0.12445300817489624,0.5816869735717773,0.5436755418777466,-0.11363730579614639,0.6605391502380371,0.6743006706237793,-0.0943266972899437,0.5376567840576172,0.6520854234695435,-0.11293092370033264,0.5653131008148193,0.6181626319885254,-0.08761173486709595,0.6060248613357544,0.61101233959198,-0.069040946662426,0.6647503972053528,0.7372411489486694,-0.08611957728862762,0.5664321780204773,0.6996599435806274,-0.09657993912696838,0.5916457772254944,0.669601559638977,-0.07899189740419388,0.6244044303894043,0.6685581803321838,-0.0663430467247963,0.11819162964820862,0.6863052248954773,1.4890954957991198e-07,0.1910792589187622,0.6132333278656006,0.00864795595407486,0.2802777886390686,0.5822162628173828,-0.011053236201405525,0.34196382761001587,0.6093560457229614,-0.03566450998187065,0.37031543254852295,0.6475978493690491,-0.060465820133686066,0.29664695262908936,0.5094577074050903,-0.05137309059500694,0.382709801197052,0.4866328239440918,-0.08680976182222366,0.4367559850215912,0.48466694355010986,-0.106631338596344,0.4764357805252075,0.49118608236312866,-0.11849668622016907,0.27448540925979614,0.5560777187347412,-0.07779426127672195,0.37344878911972046,0.6776806116104126,-0.11335750669240952,0.336469829082489,0.6865658164024353,-0.11056970059871674,0.3032650053501129,0.6549157500267029,-0.10589472949504852,0.24787192046642303,0.6216278076171875,-0.10194014757871628,0.3368687629699707,0.7383526563644409,-0.12833549082279205,0.2967318892478943,0.7287278175354004,-0.10885781049728394,0.2696361839771271,0.6928011178970337,-0.093720942735672,0.2210237979888916,0.6917396187782288,-0.12571021914482117,0.30077216029167175,0.7735289931297302,-0.13084091246128082,0.272016704082489,0.763549268245697,-0.1065320149064064,0.24158746004104614,0.7313192486763,-0.08892924338579178,Q
0.7739927768707275,0.5981040596961975,3.879673613482737e-07,0.7247644066810608,0.49495071172714233,-0.03226737305521965,0.6177411079406738,0.4474009871482849,-0.056006766855716705,0.5307555198669434,0.4631898105144501,-0.06830042600631714,0.47100651264190674,0.4851340651512146,-0.08011629432439804,0.641420304775238,0.49134254455566406,-0.11084830015897751,0.5145698189735413,0.524709939956665,-0.14083373546600342,0.45792829990386963,0.5158436298370361,-0.14593558013439178,0.42727717757225037,0.5081042647361755,-0.14512960612773895,0.6522199511528015,0.5941073894500732,-0.10497739911079407,0.5070967674255371,0.5960597395896912,-0.13468453288078308,0.5293278098106384,0.5576475858688354,-0.12565946578979492,0.5807448029518127,0.5421145558357239,-0.11530986428260803,0.6611964106559753,0.6735019087791443,-0.09544453769922256,0.5385231375694275,0.6523239612579346,-0.1139366403222084,0.5656161904335022,0.61847984790802,-0.08911559730768204,0.6061480641365051,0.6114486455917358,-0.07110584527254105,0.6653198003768921,0.7371659874916077,-0.08742322772741318,0.5668914914131165,0.6992243528366089,-0.09824220091104507,0.5919385552406311,0.6699042320251465,-0.0810723602771759,0.6246046423912048,0.669029712677002,-0.06874056160449982,0.11637169122695923,0.6876240372657776,1.139872054523039e-07,0.18907618522644043,0.6140422821044922,0.009050256572663784,0.2793121337890625,0.5835937261581421,-0.009148895740509033,0.34200918674468994,0.6127399206161499,-0.032147422432899475,0.37187811732292175,0.6529836058616638,-0.05530039966106415,0.2962682843208313,0.5106737017631531,-0.04867295175790787,0.3812769651412964,0.4890778660774231,-0.08249881118535995,0.4340335726737976,0.4844055771827698,-0.10180728137493134,0.47355616092681885,0.4874604344367981,-0.11372091621160507,0.2749161720275879,0.5565754771232605,-0.07499244064092636,0.37289246916770935,0.6757370829582214,-0.10859044641256332,0.3362586796283722,0.685747504234314,-0.10579872131347656,0.3031700849533081,0.6556118726730347,-0.10163937509059906,0.24871551990509033,0.6217020750045776,-0.09911945462226868,0.33810651302337646,0.7361862063407898,-0.12473233044147491,0.2980891466140747,0.7289257049560547,-0.10597245395183563,0.27084362506866455,0.694733202457428,-0.09154506772756577,0.22208009660243988,0.6922501921653748,-0.122848741710186,0.3019493520259857,0.7736899852752686,-0.1274368017911911,0.27317267656326294,0.7650108337402344,-0.10349346697330475,0.2417646050453186,0.73408442735672,-0.08641967177391052,Q
0.7750587463378906,0.5979019999504089,3.5277298593427986e-07,0.7256603240966797,0.4951663613319397,-0.02966434881091118,0.6189778447151184,0.4475690722465515,-0.05273699015378952,0.5309760570526123,0.4629678726196289,-0.06490804255008698,0.47172170877456665,0.4869990348815918,-0.07667999714612961,0.6437703371047974,0.4920174181461334,-0.10861057788133621,0.5155378580093384,0.5247502326965332,-0.1387009173631668,0.4613010287284851,0.5189719796180725,-0.14357224106788635,0.4341435730457306,0.5165036916732788,-0.14239461719989777,0.6539046168327332,0.5950966477394104,-0.10385586321353912,0.5072826147079468,0.5967984795570374,-0.13331058621406555,0.529748797416687,0.5578545331954956,-0.12423156946897507,0.5814013481140137,0.5435004830360413,-0.11390012502670288,0.6624963283538818,0.67430579662323,-0.09522495418787003,0.5394771099090576,0.6536301374435425,-0.1133032739162445,0.5668097734451294,0.6192927956581116,-0.08817360550165176,0.6076293587684631,0.6124585866928101,-0.0700046494603157,0.6666661500930786,0.7374372482299805,-0.08786382526159286,0.569154679775238,0.7007770538330078,-0.09815988689661026,0.5940676927566528,0.670941948890686,-0.08060985803604126,0.6262726187705994,0.6696860790252686,-0.06803391128778458,0.1182871162891388,0.6855608820915222,1.4606031584207813e-07,0.19155925512313843,0.6130728721618652,0.008549335412681103,0.2812637984752655,0.5823784470558167,-0.01055906992405653,0.34253814816474915,0.610278308391571,-0.03465411439538002,0.3710396885871887,0.649716317653656,-0.05893109366297722,0.2970578372478485,0.5091298818588257,-0.04936652258038521,0.3829048275947571,0.48773080110549927,-0.0841437429189682,0.4362601637840271,0.48501890897750854,-0.10405832529067993,0.4767264425754547,0.49091675877571106,-0.11628604680299759,0.275254487991333,0.555593729019165,-0.07565285265445709,0.37436988949775696,0.6778592467308044,-0.11135028302669525,0.33701545000076294,0.6864678859710693,-0.10927373170852661,0.3035546541213989,0.6558443903923035,-0.10500539094209671,0.24867171049118042,0.6211905479431152,-0.09973787516355515,0.3379180431365967,0.7386534214019775,-0.12601661682128906,0.2974983751773834,0.7282559275627136,-0.10725147277116776,0.27020886540412903,0.6924732327461243,-0.09256204217672348,0.22194883227348328,0.6912978291511536,-0.12351115792989731,0.3018103837966919,0.774530291557312,-0.1287018060684204,0.2729337215423584,0.7634046077728271,-0.10520519316196442,0.24226534366607666,0.730438768863678,-0.08821588009595871,Q
0.774954080581665,0.5976608991622925,3.676913138406235e-07,0.7248844504356384,0.49509739875793457,-0.030385393649339676,0.6175976991653442,0.4491449296474457,-0.05432173237204552,0.5291756391525269,0.46478307247161865,-0.06695044040679932,0.46940937638282776,0.4856671094894409,-0.0792616456747055,0.6434783935546875,0.4910365343093872,-0.11282052844762802,0.513835072517395,0.5242407321929932,-0.14319276809692383,0.4578219950199127,0.5178518295288086,-0.14757956564426422,0.4286443591117859,0.5136308073997498,-0.14612504839897156,0.6541028618812561,0.5941051840782166,-0.10774542391300201,0.5063287019729614,0.5970592498779297,-0.1371745616197586,0.5284064412117004,0.558720052242279,-0.12674148380756378,0.5798643231391907,0.5437052249908447,-0.11569662392139435,0.6629586815834045,0.6734363436698914,-0.09869913011789322,0.5389231443405151,0.6530622839927673,-0.11658395081758499,0.5661723613739014,0.6187110543251038,-0.09050925821065903,0.6068099737167358,0.6114574670791626,-0.07195211201906204,0.667212724685669,0.7369164228439331,-0.09095405787229538,0.5691012144088745,0.7004381418228149,-0.10117308795452118,0.593892514705658,0.6702832579612732,-0.08340167254209518,0.6258695125579834,0.6686384677886963,-0.0708475410938263,0.11748571693897247,0.6865625381469727,1.3194508596825472e-07,0.1903858184814453,0.6132109761238098,0.009369327686727047,0.2807124853134155,0.5836760997772217,-0.009628851898014545,0.34295305609703064,0.6140105724334717,-0.03375228866934776,0.3722747266292572,0.6547479033470154,-0.05817386880517006,0.29673492908477783,0.5094033479690552,-0.04854593053460121,0.3814151883125305,0.4886012673377991,-0.08254960179328918,0.43404221534729004,0.48557454347610474,-0.10192282497882843,0.4732675552368164,0.4903166890144348,-0.11397513747215271,0.2748478055000305,0.5560010671615601,-0.07528814673423767,0.37338685989379883,0.6755978465080261,-0.1100999116897583,0.3364560604095459,0.6856347918510437,-0.10779353976249695,0.3030756711959839,0.6551939845085144,-0.10366430878639221,0.2482825368642807,0.6217183470726013,-0.0997505784034729,0.3380427956581116,0.736922562122345,-0.12583638727664948,0.29813632369041443,0.7291514873504639,-0.10689389705657959,0.2705821096897125,0.6946356296539307,-0.09221723675727844,0.22147426009178162,0.6919590830802917,-0.12379636615514755,0.3015936017036438,0.7738512754440308,-0.12878064811229706,0.27273231744766235,0.7644272446632385,-0.10503585636615753,0.24154949188232422,0.7328299880027771,-0.08805028349161148,Q
0.7752883434295654,0.5939301252365112,3.484020680843969e-07,0.7243430614471436,0.49190929532051086,-0.029884202405810356,0.6170656681060791,0.4472811818122864,-0.05264483019709587,0.5292373895645142,0.4639432430267334,-0.06462933868169785,0.4700559973716736,0.48889559507369995,-0.07613690197467804,0.6425082683563232,0.4914013147354126,-0.1091119572520256,0.5117344856262207,0.5276947021484375,-0.13896296918392181,0.4604906141757965,0.5196800827980042,-0.14348264038562775,0.43763595819473267,0.5131507515907288,-0.14171160757541656,0.6529823541641235,0.593657374382019,-0.10356499254703522,0.5096469521522522,0.598507285118103,-0.13093745708465576,0.5300347208976746,0.5599309802055359,-0.12108053267002106,0.5801050066947937,0.5440973043441772,-0.11118587851524353,0.6616765856742859,0.6730453372001648,-0.09437550604343414,0.5397433042526245,0.652876615524292,-0.11069387197494507,0.5659584999084473,0.6186686754226685,-0.08621396124362946,0.6060646176338196,0.6108497977256775,-0.0693330317735672,0.6653910875320435,0.7365386486053467,-0.08655169606208801,0.5684747695922852,0.6989065408706665,-0.0961121916770935,0.5925068259239197,0.6689994931221008,-0.0794612243771553,0.6243482828140259,0.6670802235603333,-0.0678856149315834,0.11818729341030121,0.6846553087234497,1.274082990221359e-07,0.19254286587238312,0.6125074625015259,0.009651090949773788,0.2832220196723938,0.5834295153617859,-0.009193829260766506,0.34390825033187866,0.6137234568595886,-0.03358897939324379,0.37103888392448425,0.6559084057807922,-0.05828766152262688,0.2974475920200348,0.5096259713172913,-0.045898132026195526,0.3804059624671936,0.48948490619659424,-0.07881709188222885,0.43109846115112305,0.4854702651500702,-0.0976681336760521,0.4693726897239685,0.489679217338562,-0.10969356447458267,0.27557963132858276,0.5560753345489502,-0.07315292209386826,0.37340492010116577,0.6769327521324158,-0.1082959845662117,0.335703581571579,0.6848258972167969,-0.10646766424179077,0.3022293746471405,0.6537114977836609,-0.10246212780475616,0.24868671596050262,0.6216549873352051,-0.09815215319395065,0.33754390478134155,0.7374438047409058,-0.12419445067644119,0.2970131039619446,0.7276202440261841,-0.10534816235303879,0.2696014940738678,0.6925965547561646,-0.09067665040493011,0.22145585715770721,0.6914727687835693,-0.12281745672225952,0.3016678988933563,0.773024320602417,-0.12801425158977509,0.27264466881752014,0.7621201872825623,-0.10445456206798553,0.2417258620262146,0.7305331230163574,-0.08757118880748749,Q
0.775715172290802,0.5968214273452759,3.900797480582696e-07,0.7261228561401367,0.49404293298721313,-0.03128840774297714,0.6208127737045288,0.4472472369670868,-0.05457078665494919,0.5339891910552979,0.46256962418556213,-0.0663047656416893,0.4754734933376312,0.4837314188480377,-0.07786925137042999,0.6442350745201111,0.49201738834381104,-0.11010786145925522,0.5200602412223816,0.5229815244674683,-0.1387169063091278,0.46111804246902466,0.5168477892875671,-0.14327938854694366,0.42662471532821655,0.5123438835144043,-0.1427702158689499,0.6535251140594482,0.594031035900116,-0.10439438372850418,0.5086709856987,0.5971537232398987,-0.13330841064453125,0.530718207359314,0.5582864284515381,-0.12391652166843414,0.581731915473938,0.5428955554962158,-0.11334750801324844,0.6617460250854492,0.6735198497772217,-0.09468729794025421,0.5384291410446167,0.6528782844543457,-0.11240462213754654,0.5656958818435669,0.618009626865387,-0.0872005745768547,0.6063491702079773,0.6107354164123535,-0.06902292370796204,0.6662783026695251,0.7368482351303101,-0.08640533685684204,0.570429801940918,0.6995522379875183,-0.09712386131286621,0.5946736931800842,0.6689151525497437,-0.0803513377904892,0.6261267066001892,0.6672072410583496,-0.06825602799654007,0.11860351264476776,0.6854133605957031,1.292504236971581e-07,0.19186273217201233,0.6135075092315674,0.009237312711775303,0.2823084890842438,0.5829673409461975,-0.009213526733219624,0.3433772325515747,0.6099424958229065,-0.03297823667526245,0.3711279332637787,0.6492392420768738,-0.05706453695893288,0.29716527462005615,0.5112989544868469,-0.04651173576712608,0.3803331255912781,0.48936372995376587,-0.07962467521429062,0.4311184883117676,0.48481258749961853,-0.09832160919904709,0.46977052092552185,0.4887271523475647,-0.1100422739982605,0.2748637795448303,0.5566961169242859,-0.07319804280996323,0.3741410970687866,0.6779409050941467,-0.10863863676786423,0.3360455334186554,0.6858263611793518,-0.10658442229032516,0.3019442856311798,0.6545032858848572,-0.10208798944950104,0.24777892231941223,0.621425986289978,-0.09765012562274933,0.33735501766204834,0.7375724911689758,-0.12406772375106812,0.29659590125083923,0.7273538708686829,-0.10525726526975632,0.2690015137195587,0.6919016242027283,-0.0902932733297348,0.2202742099761963,0.690791666507721,-0.121705062687397,0.301041841506958,0.7721464037895203,-0.12699905037879944,0.2719287872314453,0.7613884210586548,-0.10339421033859253,0.2411842793226242,0.7295224070549011,-0.0863393023610115,Q
0.776463508605957,0.5970737934112549,3.489894879749045e-07,0.7266808152198792,0.49570775032043457,-0.029495419934391975,0.6224481463432312,0.4488461911678314,-0.05235579237341881,0.5356377959251404,0.4626833200454712,-0.06447665393352509,0.4761497974395752,0.48357802629470825,-0.0763368159532547,0.6448972225189209,0.4898512363433838,-0.10760723799467087,0.5183042287826538,0.5226277709007263,-0.13678398728370667,0.4637770652770996,0.5201080441474915,-0.14173242449760437,0.4360376000404358,0.5198706388473511,-0.14085128903388977,0.6541347503662109,0.5920078754425049,-0.10260432213544846,0.5105493068695068,0.5970145463943481,-0.13014905154705048,0.530587911605835,0.5593741536140442,-0.12082919478416443,0.5802574157714844,0.5444577932357788,-0.11107403039932251,0.6619908213615417,0.672049343585968,-0.0938229113817215,0.539029598236084,0.6531940698623657,-0.11033981293439865,0.5650518536567688,0.619573712348938,-0.08563129603862762,0.6053856611251831,0.6122924089431763,-0.06837410479784012,0.6658337116241455,0.7364039421081543,-0.08638641238212585,0.5701290369033813,0.7001686692237854,-0.09620422124862671,0.5935925245285034,0.6707318425178528,-0.0795261487364769,0.6250254511833191,0.6690536737442017,-0.0677393451333046,0.1182415634393692,0.6847813129425049,1.2526746218100016e-07,0.19162994623184204,0.6130501627922058,0.009335355833172798,0.28214776515960693,0.582972526550293,-0.008927765302360058,0.3432256579399109,0.610680341720581,-0.03252793848514557,0.3712824881076813,0.6504544615745544,-0.05645808205008507,0.29729998111724854,0.5113058686256409,-0.046122223138809204,0.3800400495529175,0.4899996519088745,-0.07936204224824905,0.43067264556884766,0.4854215979576111,-0.098325714468956,0.4692642092704773,0.4888297915458679,-0.11023727059364319,0.2751196026802063,0.5567054152488708,-0.07287246733903885,0.3740427792072296,0.677941620349884,-0.10827207565307617,0.3360529839992523,0.6857771873474121,-0.10641365498304367,0.3019985854625702,0.6543928980827332,-0.10209581255912781,0.24796178936958313,0.6214402914047241,-0.0974104106426239,0.3373185992240906,0.737613320350647,-0.1240164265036583,0.29659202694892883,0.7275084853172302,-0.1054750308394432,0.26910069584846497,0.6921496987342834,-0.09063728898763657,0.22033357620239258,0.6907853484153748,-0.12153100222349167,0.3010193705558777,0.7722733616828918,-0.12695680558681488,0.2718937397003174,0.7615554332733154,-0.10342715680599213,0.24114513397216797,0.7298091650009155,-0.08639947324991226,Q
0.7754731178283691,0.5917753577232361,3.8208227692848595e-07,0.7258044481277466,0.4908357262611389,-0.03017481416463852,0.6213339567184448,0.4418977200984955,-0.05374637246131897,0.5348593592643738,0.4572003483772278,-0.06646684557199478,0.4779137969017029,0.48106637597084045,-0.07891804724931717,0.6457365155220032,0.49074244499206543,-0.10625481605529785,0.5237448215484619,0.5189782977104187,-0.13581633567810059,0.46516507863998413,0.5156970024108887,-0.1417011320590973,0.43276330828666687,0.5152429342269897,-0.14174272119998932,0.6559036374092102,0.5937162637710571,-0.1018444374203682,0.5091200470924377,0.5953348278999329,-0.13253140449523926,0.5304136872291565,0.5580581426620483,-0.1254330426454544,0.5825312733650208,0.5437628626823425,-0.11570227146148682,0.6640933156013489,0.6727710366249084,-0.09343226999044418,0.5401816368103027,0.6527143716812134,-0.11326437443494797,0.5660075545310974,0.6181117296218872,-0.08965562283992767,0.607414960861206,0.6103171706199646,-0.07152372598648071,0.6681656837463379,0.7356023788452148,-0.08619564771652222,0.5696060061454773,0.7002569437026978,-0.09750977903604507,0.5934777855873108,0.6695623397827148,-0.08032126724720001,0.6265688538551331,0.6668289303779602,-0.06743216514587402,0.11988133192062378,0.6844168901443481,1.3729628278724704e-07,0.19092229008674622,0.6127810478210449,0.008983480744063854,0.27759236097335815,0.5781721472740173,-0.008601272478699684,0.33822786808013916,0.6002664566040039,-0.031196197494864464,0.3703121840953827,0.6349550485610962,-0.05384771153330803,0.29876211285591125,0.5080112814903259,-0.04560016840696335,0.3822334110736847,0.48621007800102234,-0.07950805127620697,0.4348602890968323,0.48237094283103943,-0.09862563014030457,0.4741618037223816,0.4871055483818054,-0.11019487679004669,0.2778795063495636,0.552025318145752,-0.07113686203956604,0.3760654330253601,0.6758594512939453,-0.10580522567033768,0.3388233780860901,0.684464156627655,-0.10353264212608337,0.30578574538230896,0.6512067914009094,-0.09895020723342896,0.25156348943710327,0.6156739592552185,-0.09465867280960083,0.33945590257644653,0.734464704990387,-0.12117619812488556,0.2993784546852112,0.725196361541748,-0.10318204015493393,0.27253955602645874,0.6879693269729614,-0.08869226276874542,0.22402644157409668,0.6844141483306885,-0.11766703426837921,0.302094042301178,0.7687926888465881,-0.12401817739009857,0.2736145257949829,0.7592646479606628,-0.10157488286495209,0.24419844150543213,0.725664496421814,-0.08487115800380707,Q
0.7761152386665344,0.5961652398109436,4.062390814851824e-07,0.7262754440307617,0.49224746227264404,-0.03432299941778183,0.6183158159255981,0.442669153213501,-0.05896753445267677,0.5286391973495483,0.4583936333656311,-0.07092209160327911,0.4708612561225891,0.48812180757522583,-0.08283597230911255,0.6472982168197632,0.48890429735183716,-0.11595827341079712,0.5255690217018127,0.5122795104980469,-0.14598491787910461,0.4597742557525635,0.5072271227836609,-0.15126653015613556,0.41472434997558594,0.5045425295829773,-0.15192842483520508,0.6569383144378662,0.5922852158546448,-0.10967833548784256,0.5092284679412842,0.592864990234375,-0.1417074203491211,0.5328773260116577,0.5550684332847595,-0.13240574300289154,0.5838396549224854,0.5394814014434814,-0.12133391946554184,0.6643476486206055,0.6726654767990112,-0.09927613288164139,0.5383009910583496,0.6505929231643677,-0.12019871175289154,0.5675392150878906,0.6146516799926758,-0.0940001904964447,0.6089994311332703,0.6067653894424438,-0.0742870569229126,0.6680192947387695,0.7359738349914551,-0.09045447409152985,0.5687504410743713,0.6995543837547302,-0.10270009189844131,0.5946587324142456,0.667698860168457,-0.08505237102508545,0.628048837184906,0.6655779480934143,-0.07219962030649185,0.12004774808883667,0.6844576597213745,1.0989918308723645e-07,0.1938910186290741,0.6134645342826843,0.009170249104499817,0.2829042077064514,0.579927384853363,-0.007333625573664904,0.34238505363464355,0.6047165393829346,-0.029410528019070625,0.3721539080142975,0.6444981098175049,-0.05153612792491913,0.29969754815101624,0.5092151761054993,-0.04000939801335335,0.38002216815948486,0.488271564245224,-0.07133898138999939,0.4294435381889343,0.48110324144363403,-0.08972993493080139,0.46719247102737427,0.4820241928100586,-0.10162424296140671,0.2787236273288727,0.5520495772361755,-0.06594331562519073,0.3751688599586487,0.6747012734413147,-0.10015176236629486,0.3384796977043152,0.680770754814148,-0.09967886656522751,0.30581432580947876,0.6482990980148315,-0.0963524654507637,0.25207415223121643,0.6150468587875366,-0.08988407999277115,0.33843427896499634,0.733845055103302,-0.1155160665512085,0.29877254366874695,0.7223230600357056,-0.09887479990720749,0.2727215886116028,0.6861080527305603,-0.0854090228676796,0.22442004084587097,0.6827878355979919,-0.11355725675821304,0.3020116686820984,0.767822802066803,-0.1195891872048378,0.2731027901172638,0.7558263540267944,-0.09815454483032227,0.24338796734809875,0.7228918075561523,-0.08232595026493073,Q
0.7763980031013489,0.5957625508308411,3.2394592608397943e-07,0.7276934385299683,0.4934966266155243,-0.02934405952692032,0.6211274266242981,0.44491827487945557,-0.05263111740350723,0.5316025018692017,0.45873773097991943,-0.0653497576713562,0.4742288887500763,0.4849189519882202,-0.07814500480890274,0.645435094833374,0.4818398058414459,-0.10536850243806839,0.5224299430847168,0.511359691619873,-0.13597337901592255,0.4656236469745636,0.5117227435112,-0.14273510873317719,0.4341855049133301,0.5148731470108032,-0.14341723918914795,0.6552420854568481,0.584644079208374,-0.10177242010831833,0.5092835426330566,0.5888849496841431,-0.1332639753818512,0.5333152413368225,0.5542067885398865,-0.1263275295495987,0.5858307480812073,0.5409014821052551,-0.11686653643846512,0.6637099385261536,0.6657056212425232,-0.09431476145982742,0.5397886633872986,0.6496007442474365,-0.11488652974367142,0.567639172077179,0.6170178651809692,-0.09057758003473282,0.6098162531852722,0.608985185623169,-0.07205843180418015,0.6682653427124023,0.731539785861969,-0.08800140023231506,0.5700185298919678,0.6996293663978577,-0.09976418316364288,0.5952929258346558,0.6699670553207397,-0.08201196789741516,0.6291270852088928,0.6667853593826294,-0.06883293390274048,0.12203338742256165,0.6816978454589844,1.2925693226861767e-07,0.19382572174072266,0.6110554337501526,0.006888638716191053,0.2816326320171356,0.5767911672592163,-0.010599303990602493,0.3413732051849365,0.6013265252113342,-0.033124055713415146,0.3724779784679413,0.6414543390274048,-0.055598143488168716,0.3005686402320862,0.5056566596031189,-0.04217369481921196,0.3815257251262665,0.48724687099456787,-0.074043869972229,0.43008580803871155,0.4800751507282257,-0.09270038455724716,0.4678329825401306,0.4805866479873657,-0.10488235205411911,0.2788223326206207,0.5491638779640198,-0.06692004948854446,0.3768017292022705,0.6731465458869934,-0.10231903940439224,0.33860641717910767,0.6786581873893738,-0.10161269456148148,0.30490705370903015,0.645749032497406,-0.09785664826631546,0.2518104910850525,0.6120083928108215,-0.08989877998828888,0.3397616446018219,0.7307336926460266,-0.11672870814800262,0.2991162836551666,0.7189636826515198,-0.09994269162416458,0.27212005853652954,0.6825990676879883,-0.08605378866195679,0.22404475510120392,0.6797551512718201,-0.11274868249893188,0.3024325668811798,0.7647051215171814,-0.11970239877700806,0.27333107590675354,0.7523720264434814,-0.09874151647090912,0.24384474754333496,0.7189806699752808,-0.08315587043762207,Q
0.7755041122436523,0.5945278406143188,2.9885643471061485e-07,0.7272235751152039,0.49571698904037476,-0.02817457728087902,0.6229633688926697,0.4486760199069977,-0.0510464571416378,0.5364478230476379,0.4577959477901459,-0.06424658745527267,0.47666266560554504,0.4791215658187866,-0.07746036350727081,0.6410245895385742,0.4799484312534332,-0.10363350063562393,0.5131601691246033,0.5136935710906982,-0.13417652249336243,0.4609741270542145,0.5166307687759399,-0.14084720611572266,0.4364307224750519,0.5213956832885742,-0.1408740133047104,0.6516717076301575,0.5820196866989136,-0.10064485669136047,0.5094212889671326,0.590091347694397,-0.13045835494995117,0.5333483815193176,0.5579515695571899,-0.12315063178539276,0.5858718156814575,0.5456154346466064,-0.11416672170162201,0.6615618467330933,0.6644099950790405,-0.0941719263792038,0.5406737327575684,0.6519997119903564,-0.11353195458650589,0.5696452260017395,0.6216967701911926,-0.08966435492038727,0.6118312478065491,0.6147348880767822,-0.07203371822834015,0.6668132543563843,0.7322189211845398,-0.0888632982969284,0.569521427154541,0.7020584940910339,-0.10027388483285904,0.5956639051437378,0.6742700934410095,-0.08263997733592987,0.6296312212944031,0.6719334125518799,-0.06970357894897461,0.12159974873065948,0.6812965273857117,1.1216489070875468e-07,0.1939365416765213,0.6093534231185913,0.007518281694501638,0.28377771377563477,0.5775359272956848,-0.009579583071172237,0.3441685736179352,0.6055088043212891,-0.03169708698987961,0.37255555391311646,0.649337887763977,-0.05389096587896347,0.29978469014167786,0.5072335004806519,-0.04304545745253563,0.38092130422592163,0.48839324712753296,-0.07493612170219421,0.4298875331878662,0.48130494356155396,-0.09377875179052353,0.46868646144866943,0.4815562665462494,-0.1062774658203125,0.2787376940250397,0.5512734651565552,-0.06868564337491989,0.37507376074790955,0.673693060874939,-0.10358790308237076,0.33704066276550293,0.6793510913848877,-0.10323122143745422,0.30412179231643677,0.6471407413482666,-0.10020548850297928,0.25187915563583374,0.6150467395782471,-0.0923766940832138,0.3385387659072876,0.7322806715965271,-0.11878693848848343,0.29790031909942627,0.7202757000923157,-0.10199997574090958,0.2717600464820862,0.6844200491905212,-0.08845509588718414,0.22391963005065918,0.6837528347969055,-0.11594992130994797,0.30265745520591736,0.7666484117507935,-0.12234408408403397,0.2733891010284424,0.7541938424110413,-0.10069780796766281,0.24315999448299408,0.7218245267868042,-0.08492738008499146,Q
0.7755704522132874,0.5941683650016785,3.355403350724373e-07,0.7256118059158325,0.49244359135627747,-0.027707427740097046,0.6217143535614014,0.4432574510574341,-0.05033550038933754,0.5360638499259949,0.4551612138748169,-0.06322656571865082,0.47932863235473633,0.48278555274009705,-0.07605376839637756,0.6434636116027832,0.48507624864578247,-0.10169793665409088,0.5194157361984253,0.5150428414344788,-0.13114097714424133,0.4655228853225708,0.5138317346572876,-0.1376829445362091,0.4374811053276062,0.5174468755722046,-0.1380959302186966,0.6535069942474365,0.5867297649383545,-0.09884198009967804,0.5106343626976013,0.5903090238571167,-0.12789493799209595,0.532267689704895,0.552199125289917,-0.12127765268087387,0.5827409029006958,0.5387715697288513,-0.11294364184141159,0.6624965667724609,0.6672411561012268,-0.09225841611623764,0.5390675067901611,0.6493456363677979,-0.11073051393032074,0.5654833316802979,0.6145519018173218,-0.08728232234716415,0.6067818403244019,0.6075811386108398,-0.07004128396511078,0.6671637892723083,0.7320421934127808,-0.08687256276607513,0.5687650442123413,0.697674572467804,-0.09767314791679382,0.5924916863441467,0.6663287878036499,-0.08039132505655289,0.6258634924888611,0.6638275980949402,-0.06780759990215302,0.12148380279541016,0.6813385486602783,1.2297290652441006e-07,0.1915656328201294,0.6086404919624329,0.008450702764093876,0.27851685881614685,0.5728198289871216,-0.008771322667598724,0.33818191289901733,0.5938131213188171,-0.030939027667045593,0.3686453402042389,0.6293062567710876,-0.05332805961370468,0.29846513271331787,0.5070685744285583,-0.04559412598609924,0.38000252842903137,0.4850977063179016,-0.0786639153957367,0.429200142621994,0.478534996509552,-0.09741857647895813,0.4665687084197998,0.479574978351593,-0.10906355082988739,0.2769392728805542,0.5508579611778259,-0.07077833265066147,0.37561270594596863,0.6722893118858337,-0.1051366999745369,0.33877208828926086,0.6799478530883789,-0.10294095426797867,0.3058716952800751,0.648087203502655,-0.09855249524116516,0.250421404838562,0.6137608289718628,-0.0939599797129631,0.33817732334136963,0.730583906173706,-0.12006077170372009,0.2983964681625366,0.7200605273246765,-0.10264204442501068,0.2718573212623596,0.6840689778327942,-0.08866861462593079,0.22323963046073914,0.6816391348838806,-0.11672239005565643,0.3018069267272949,0.7650907635688782,-0.12254877388477325,0.2729898691177368,0.7539637088775635,-0.10054809600114822,0.24312038719654083,0.7211242914199829,-0.08447673171758652,Q
0.7738871574401855,0.5958261489868164,3.4261250903000473e-07,0.7252010703086853,0.49335789680480957,-0.028313014656305313,0.6209856867790222,0.4457743167877197,-0.05156794935464859,0.5340149998664856,0.4591060280799866,-0.0642998069524765,0.4762495458126068,0.48351141810417175,-0.07693274319171906,0.644152045249939,0.48377907276153564,-0.10719101130962372,0.5177715420722961,0.5126852989196777,-0.13675111532211304,0.4639142155647278,0.5099729895591736,-0.1418398767709732,0.4379730820655823,0.5107803344726562,-0.1408262997865677,0.653342604637146,0.585930585861206,-0.10337423533201218,0.5076468586921692,0.5885416865348816,-0.1316533386707306,0.5283556580543518,0.5521715879440308,-0.1225949302315712,0.5788787603378296,0.539784848690033,-0.11258552223443985,0.6614406704902649,0.6664561629295349,-0.09561759978532791,0.5368288159370422,0.6457645893096924,-0.11340103298425674,0.5626513361930847,0.6115710139274597,-0.08890637755393982,0.6030999422073364,0.6050541996955872,-0.07112861424684525,0.665390133857727,0.7305423021316528,-0.0888756811618805,0.5671541094779968,0.6942691802978516,-0.09927184134721756,0.5900877714157104,0.6630270481109619,-0.08186021447181702,0.6222681999206543,0.6614016890525818,-0.0692780613899231,0.12180815637111664,0.6796587705612183,1.1561892421241282e-07,0.19234919548034668,0.6064879894256592,0.00876912847161293,0.2790363132953644,0.5717246532440186,-0.007949469611048698,0.3388698399066925,0.5940894484519958,-0.029438164085149765,0.3706985414028168,0.6308334469795227,-0.051027461886405945,0.29893577098846436,0.507134199142456,-0.04708835482597351,0.38150569796562195,0.4867491126060486,-0.08040769398212433,0.43129441142082214,0.4799977242946625,-0.09925641119480133,0.4692363739013672,0.48064982891082764,-0.11085484176874161,0.2771984040737152,0.5510648488998413,-0.07249204069375992,0.3769025504589081,0.6746376752853394,-0.10633938014507294,0.3403705358505249,0.6806105375289917,-0.10349801927804947,0.306477814912796,0.6481108665466309,-0.09886287897825241,0.25038331747055054,0.6142589449882507,-0.09583500772714615,0.33838191628456116,0.7321492433547974,-0.12143795192241669,0.2986477315425873,0.720485270023346,-0.10368560999631882,0.271773099899292,0.6843662858009338,-0.08960147202014923,0.22303074598312378,0.6825456023216248,-0.11877084523439407,0.3017975986003876,0.7660718560218811,-0.12406693398952484,0.27349042892456055,0.7540920376777649,-0.10167011618614197,0.24308715760707855,0.7214131355285645,-0.0853850394487381,Q
0.7745126485824585,0.5959109663963318,3.224554632197396e-07,0.7267135381698608,0.49295341968536377,-0.027312206104397774,0.6244271993637085,0.4438354969024658,-0.0500195249915123,0.5390016436576843,0.4541478455066681,-0.06304077059030533,0.4818858504295349,0.47930997610092163,-0.07615170627832413,0.6439304351806641,0.48298805952072144,-0.10362134873867035,0.5179381370544434,0.5136531591415405,-0.13347822427749634,0.46416205167770386,0.513548731803894,-0.13987818360328674,0.43697914481163025,0.51735919713974,-0.13992267847061157,0.6533042192459106,0.584256649017334,-0.10074324160814285,0.5095356106758118,0.5889968872070312,-0.12983877956867218,0.5302762985229492,0.552975594997406,-0.12253852188587189,0.5800777673721313,0.5399051308631897,-0.11367708444595337,0.6616147756576538,0.6652059555053711,-0.09404631704092026,0.537110447883606,0.6480435132980347,-0.11261297017335892,0.562859833240509,0.6143741607666016,-0.08898208290338516,0.6039261221885681,0.6071946620941162,-0.07153269648551941,0.6659022569656372,0.730167806148529,-0.08841627091169357,0.5667541027069092,0.6967400908470154,-0.09965828061103821,0.5898385047912598,0.665671706199646,-0.08247816562652588,0.6231104135513306,0.662947416305542,-0.06976272910833359,0.12222540378570557,0.678803563117981,1.3609869142783282e-07,0.19224423170089722,0.6056235432624817,0.0077410051599144936,0.27938613295555115,0.5720022320747375,-0.009993423707783222,0.3395991623401642,0.5958964228630066,-0.03226794674992561,0.37104952335357666,0.6336860060691833,-0.054592035710811615,0.2988787293434143,0.5064857602119446,-0.04957855865359306,0.38299697637557983,0.48506009578704834,-0.0841977596282959,0.4344128668308258,0.47891807556152344,-0.10382569581270218,0.47350430488586426,0.4809509515762329,-0.115714430809021,0.27702203392982483,0.5516690611839294,-0.07475703954696655,0.3766152262687683,0.6745597720146179,-0.10968583077192307,0.33980998396873474,0.6801202297210693,-0.10704229772090912,0.30609068274497986,0.6475201845169067,-0.10238787531852722,0.25022196769714355,0.6153317093849182,-0.0979110598564148,0.3384740650653839,0.7323694229125977,-0.12433058023452759,0.2985977232456207,0.7204170823097229,-0.10629183799028397,0.2717384994029999,0.6841452717781067,-0.09184788912534714,0.22291019558906555,0.6834685206413269,-0.12071485817432404,0.30224964022636414,0.766525387763977,-0.1263430267572403,0.27388280630111694,0.7546335458755493,-0.10349728912115097,0.24341526627540588,0.7216915488243103,-0.0867895781993866,Q
0.7739391326904297,0.5940716862678528,3.338105045713746e-07,0.7255651950836182,0.4911896586418152,-0.027360480278730392,0.623724639415741,0.44192492961883545,-0.04943947121500969,0.5392608046531677,0.45283931493759155,-0.06179531663656235,0.4813418984413147,0.477084755897522,-0.07395751029253006,0.6432267427444458,0.4853639006614685,-0.10279349237680435,0.5168886184692383,0.5155518054962158,-0.1322823017835617,0.46432194113731384,0.5152466893196106,-0.13823263347148895,0.4398682713508606,0.5187785625457764,-0.13757435977458954,0.6520665884017944,0.5871908068656921,-0.09913499653339386,0.509303629398346,0.5899293422698975,-0.12662020325660706,0.5288937091827393,0.5533363819122314,-0.1187041625380516,0.5788276195526123,0.540098249912262,-0.10971272736787796,0.6599643230438232,0.6671937108039856,-0.09179782122373581,0.5367558598518372,0.6467562317848206,-0.10871467739343643,0.5618794560432434,0.6134069561958313,-0.08530005067586899,0.6023891568183899,0.6070727705955505,-0.06847736239433289,0.6635550260543823,0.7306411266326904,-0.08561506867408752,0.5655006766319275,0.6945820450782776,-0.0955076590180397,0.5885947942733765,0.6643956899642944,-0.07844406366348267,0.6214550733566284,0.662717342376709,-0.0661148652434349,0.12150174379348755,0.6763489246368408,1.2279294026029675e-07,0.19371217489242554,0.6032068729400635,0.008681573905050755,0.2822816073894501,0.571211576461792,-0.009264485910534859,0.34207823872566223,0.5979630351066589,-0.03205951675772667,0.3706740736961365,0.6389874219894409,-0.05501535162329674,0.2995656132698059,0.5054112076759338,-0.049463849514722824,0.38154172897338867,0.4836241602897644,-0.08384964615106583,0.4321635365486145,0.47705239057540894,-0.10315374284982681,0.47065669298171997,0.47956299781799316,-0.11490743607282639,0.276991069316864,0.5497264266014099,-0.07554332911968231,0.3753095269203186,0.6725481152534485,-0.11002474278211594,0.338021457195282,0.6784051656723022,-0.10670182853937149,0.30479517579078674,0.6461127400398254,-0.10177552700042725,0.2494455873966217,0.6129905581474304,-0.09955471009016037,0.3381483554840088,0.7309318780899048,-0.12596961855888367,0.29782164096832275,0.7196050882339478,-0.10741641372442245,0.27091312408447266,0.6837902069091797,-0.09271976351737976,0.22140200436115265,0.681727945804596,-0.12317796796560287,0.30228620767593384,0.7660840153694153,-0.12855790555477142,0.2738838195800781,0.7544037103652954,-0.10524556040763855,0.2428542673587799,0.7220200896263123,-0.08838657289743423,Q
0.7749819755554199,0.597560703754425,2.954540150312823e-07,0.7279547452926636,0.49534446001052856,-0.02653936855494976,0.6247826814651489,0.44475576281547546,-0.04783324524760246,0.5386450886726379,0.45626550912857056,-0.05937552452087402,0.47966665029525757,0.4798124432563782,-0.07056591659784317,0.643786609172821,0.4886320233345032,-0.10127995908260345,0.5159026384353638,0.5182923078536987,-0.130103200674057,0.4648510217666626,0.5148503184318542,-0.13500379025936127,0.44257837533950806,0.5157490968704224,-0.13370993733406067,0.6521670818328857,0.58931565284729,-0.09807088226079941,0.5071077942848206,0.5903202891349792,-0.12597784399986267,0.5295915603637695,0.5542569160461426,-0.11762800067663193,0.5811834931373596,0.5437828898429871,-0.10792206972837448,0.659794270992279,0.6676900386810303,-0.09118840843439102,0.536483883857727,0.6472247838973999,-0.10862210392951965,0.564423680305481,0.6148601770401001,-0.08465517312288284,0.6055863499641418,0.6100565195083618,-0.06723359227180481,0.6636919379234314,0.7303600311279297,-0.0853315070271492,0.5667174458503723,0.6948543190956116,-0.09559841454029083,0.5914612412452698,0.6667947769165039,-0.07869070023298264,0.6238723993301392,0.6671016812324524,-0.06649002432823181,0.12212762236595154,0.6802845001220703,1.3068491000467475e-07,0.19153934717178345,0.6075412034988403,0.007755335420370102,0.27960488200187683,0.5758820176124573,-0.010521074756979942,0.34056541323661804,0.6033574342727661,-0.03350090980529785,0.3718724250793457,0.6425350904464722,-0.05657757818698883,0.2987377643585205,0.5056009888648987,-0.048651788383722305,0.3814125955104828,0.48377835750579834,-0.08263690769672394,0.43251100182533264,0.47844967246055603,-0.10215801745653152,0.4709312915802002,0.4814452826976776,-0.11436428874731064,0.2766718864440918,0.5508913397789001,-0.07413684576749802,0.37400349974632263,0.672905445098877,-0.1095188707113266,0.3371236324310303,0.6799443364143372,-0.107883520424366,0.3034825623035431,0.6475681662559509,-0.10411132127046585,0.24968788027763367,0.6151188015937805,-0.09750564396381378,0.3378903865814209,0.7318437695503235,-0.1243128776550293,0.29766711592674255,0.7212387323379517,-0.10608948767185211,0.2699131369590759,0.6848604679107666,-0.09172192960977554,0.22209519147872925,0.6837046146392822,-0.12054234743118286,0.3011288046836853,0.7670187950134277,-0.12690706551074982,0.27158844470977783,0.7559362053871155,-0.10416895896196365,0.24056485295295715,0.7228698134422302,-0.08761253207921982,Q
0.7722397446632385,0.5930317640304565,3.027241177733231e-07,0.7231993675231934,0.4927321672439575,-0.02683832496404648,0.6190111637115479,0.443911075592041,-0.04847583919763565,0.5327044725418091,0.4571691155433655,-0.06036648154258728,0.4745933413505554,0.48030608892440796,-0.07199367880821228,0.6410130858421326,0.484020471572876,-0.10244422405958176,0.5137326717376709,0.5177165269851685,-0.13180242478847504,0.4616856873035431,0.5158085823059082,-0.13720348477363586,0.4376433491706848,0.5158743858337402,-0.13635589182376862,0.6509391069412231,0.5854825973510742,-0.09941747039556503,0.506304144859314,0.5910532474517822,-0.12873327732086182,0.5288400650024414,0.5563561916351318,-0.1210022047162056,0.580859363079071,0.5436043739318848,-0.1114109456539154,0.6593326330184937,0.6656606793403625,-0.09260793030261993,0.5360077619552612,0.6491774916648865,-0.11118753254413605,0.5638839602470398,0.6174673438072205,-0.08736269921064377,0.605607807636261,0.6109256744384766,-0.06960985064506531,0.6634779572486877,0.7310139536857605,-0.08683446049690247,0.5658972859382629,0.6976293325424194,-0.09758961945772171,0.5909878015518188,0.6693846583366394,-0.08046559244394302,0.624160885810852,0.6677744388580322,-0.06787706166505814,0.1212032288312912,0.6822985410690308,1.1638106656164382e-07,0.19328024983406067,0.609835147857666,0.008880958892405033,0.2819356322288513,0.5785197019577026,-0.00918530859053135,0.3423299491405487,0.6059430241584778,-0.03233470767736435,0.37147340178489685,0.6442360281944275,-0.055585622787475586,0.29823189973831177,0.5073162317276001,-0.04631984233856201,0.3780483603477478,0.48666977882385254,-0.0788937360048294,0.4279004633426666,0.4814744293689728,-0.09735176712274551,0.46251991391181946,0.48290586471557617,-0.10872670263051987,0.2751408517360687,0.5521807670593262,-0.07232729345560074,0.37271231412887573,0.6724541187286377,-0.10597196221351624,0.3379967510700226,0.6813892722129822,-0.10375591367483139,0.30461883544921875,0.6494877338409424,-0.0997454822063446,0.24809855222702026,0.6161412596702576,-0.09620188176631927,0.33706608414649963,0.7318551540374756,-0.12182318419218063,0.298648864030838,0.7232878804206848,-0.10393038392066956,0.2714027762413025,0.6880301237106323,-0.08993840217590332,0.22132569551467896,0.6851755380630493,-0.11966672539710999,0.3011367917060852,0.7678619623184204,-0.12478957325220108,0.27302929759025574,0.7578071355819702,-0.10187150537967682,0.2423248291015625,0.7260962724685669,-0.08539140969514847,Q
0.7743735313415527,0.5976981520652771,2.95460466759323e-07,0.7272056341171265,0.4955308139324188,-0.027073591947555542,0.6229894161224365,0.44386690855026245,-0.04782755672931671,0.5360997319221497,0.4573569595813751,-0.05875665694475174,0.47672295570373535,0.4779091477394104,-0.06934192031621933,0.6432504057884216,0.48569053411483765,-0.10039821267127991,0.5166311264038086,0.5180686712265015,-0.12895750999450684,0.46397724747657776,0.5155184268951416,-0.13415628671646118,0.439464807510376,0.5163680911064148,-0.13337206840515137,0.6519320011138916,0.5869417786598206,-0.0971352756023407,0.5069889426231384,0.5911322832107544,-0.12609773874282837,0.5295172333717346,0.5548279881477356,-0.11898142844438553,0.5815796852111816,0.5428310036659241,-0.10970314592123032,0.6596410870552063,0.6663128137588501,-0.09012927860021591,0.5365186929702759,0.6493926048278809,-0.10851568728685379,0.5647010803222656,0.6166830062866211,-0.08516514301300049,0.6064537763595581,0.6108872890472412,-0.06772128492593765,0.6635042428970337,0.7308235764503479,-0.0842011570930481,0.5662930607795715,0.6970415115356445,-0.09520336240530014,0.5915042161941528,0.6686709523200989,-0.07857479155063629,0.6243339776992798,0.667744517326355,-0.06625678390264511,0.12200357019901276,0.6805616021156311,1.260703186289902e-07,0.1931072175502777,0.6097626090049744,0.008394957520067692,0.28142544627189636,0.5775846838951111,-0.009711170569062233,0.34141892194747925,0.6034826636314392,-0.03277340903878212,0.37019166350364685,0.6419377326965332,-0.056278128176927567,0.2984267771244049,0.5083150863647461,-0.04718787968158722,0.3801078498363495,0.48706358671188354,-0.07959242165088654,0.4293302893638611,0.48083817958831787,-0.09814250469207764,0.4660862684249878,0.48088937997817993,-0.11003655195236206,0.2759566307067871,0.5521618723869324,-0.07284650951623917,0.3742729127407074,0.6739145517349243,-0.10746870189905167,0.33772432804107666,0.6834065914154053,-0.10599421709775925,0.3041332960128784,0.651996374130249,-0.10237610340118408,0.24887099862098694,0.6159532070159912,-0.09615002572536469,0.33736222982406616,0.7331097722053528,-0.12215583771467209,0.2974255681037903,0.724060595035553,-0.10422893613576889,0.27021950483322144,0.6884944438934326,-0.09014488011598587,0.22154578566551208,0.6846818327903748,-0.11904549598693848,0.30154862999916077,0.7672978043556213,-0.12490950524806976,0.2724572718143463,0.7572618722915649,-0.10214702785015106,0.24215075373649597,0.7254579067230225,-0.08568023890256882,Q
0.7738164663314819,0.5961658358573914,3.3471019378339406e-07,0.7241573929786682,0.4949367046356201,-0.027501050382852554,0.6186764240264893,0.44953250885009766,-0.04960222542285919,0.5324737429618835,0.4618959128856659,-0.062047962099313736,0.4718354642391205,0.4779934883117676,-0.0743039920926094,0.6410252451896667,0.486126571893692,-0.10173189640045166,0.5173415541648865,0.5155590772628784,-0.13231036067008972,0.4633236527442932,0.5128040313720703,-0.139379620552063,0.4361834228038788,0.515093207359314,-0.13978369534015656,0.6508788466453552,0.5880883932113647,-0.09897026419639587,0.5057430863380432,0.5909503102302551,-0.12972895801067352,0.5282107591629028,0.5538104772567749,-0.1236809566617012,0.5797576308250427,0.54177325963974,-0.1150398924946785,0.6597397327423096,0.6685540676116943,-0.0924680233001709,0.5356810092926025,0.6504234671592712,-0.11234407871961594,0.562283992767334,0.6172126531600952,-0.08875001221895218,0.6035271286964417,0.6120204329490662,-0.0708622932434082,0.6641008853912354,0.733944296836853,-0.08703344315290451,0.5644806623458862,0.6999891400337219,-0.0984836220741272,0.5892215967178345,0.670315682888031,-0.08076918870210648,0.6229879856109619,0.6697707176208496,-0.06759312003850937,0.12143214046955109,0.682479739189148,1.277991259485134e-07,0.19223636388778687,0.6097257137298584,0.0077052065171301365,0.28067559003829956,0.5780194401741028,-0.009973149746656418,0.34107959270477295,0.6053047180175781,-0.03199788182973862,0.37140458822250366,0.6447318196296692,-0.054051473736763,0.2975413203239441,0.5092877745628357,-0.04982222244143486,0.3797110617160797,0.48779067397117615,-0.0842517763376236,0.43092161417007446,0.48072999715805054,-0.10433053970336914,0.4697389304637909,0.4815226197242737,-0.11671331524848938,0.2746952474117279,0.5536789894104004,-0.0751495361328125,0.3734692335128784,0.6765303015708923,-0.10961563885211945,0.33753228187561035,0.6823664307594299,-0.1073780283331871,0.30425187945365906,0.650111734867096,-0.10338778048753738,0.2474624067544937,0.6169384717941284,-0.09837180376052856,0.33757689595222473,0.735724151134491,-0.12439332902431488,0.2981492280960083,0.7242392301559448,-0.10616355389356613,0.2709892988204956,0.6882243752479553,-0.0918671190738678,0.22010301053524017,0.6858410239219666,-0.1213386282324791,0.30105069279670715,0.7700865268707275,-0.12671001255512238,0.2725713551044464,0.758432149887085,-0.10351180285215378,0.241551011800766,0.7257420420646667,-0.08675415068864822,Q
0.7736377716064453,0.5951251983642578,3.262202596943098e-07,0.723101794719696,0.4940047264099121,-0.028638528659939766,0.6173231601715088,0.44571977853775024,-0.05045979097485542,0.5316894054412842,0.4601669907569885,-0.06222894415259361,0.47448956966400146,0.48703813552856445,-0.07393504679203033,0.6388464570045471,0.48865753412246704,-0.10022389888763428,0.5210330486297607,0.5211989283561707,-0.1290266364812851,0.46788424253463745,0.5189012885093689,-0.13527320325374603,0.4379696846008301,0.5198274254798889,-0.13560828566551208,0.6505113244056702,0.5894484519958496,-0.09685838222503662,0.5060678124427795,0.5947743654251099,-0.1271589696407318,0.5288897156715393,0.5569108128547668,-0.12133977562189102,0.5803090929985046,0.5420239567756653,-0.11243973672389984,0.6599624156951904,0.6688597798347473,-0.08977312594652176,0.5366427898406982,0.6529046297073364,-0.11018817126750946,0.5636904835700989,0.6188160181045532,-0.08767890185117722,0.6050003170967102,0.6106664538383484,-0.06979333609342575,0.6643686890602112,0.7332918047904968,-0.08378642052412033,0.5638619661331177,0.7012483477592468,-0.09568341076374054,0.5885422825813293,0.6708900928497314,-0.07868468016386032,0.6224691867828369,0.6675345301628113,-0.0657263696193695,0.12059855461120605,0.6829588413238525,1.1675353306372926e-07,0.19287054240703583,0.6124719381332397,0.008674504235386848,0.2818889617919922,0.5806138515472412,-0.00848365481942892,0.34192946553230286,0.6070932745933533,-0.030581064522266388,0.37166568636894226,0.6462659239768982,-0.052762169390916824,0.29748183488845825,0.5106759667396545,-0.04583555832505226,0.3784099519252777,0.4898976683616638,-0.07928095012903214,0.42808446288108826,0.4820706248283386,-0.09883838891983032,0.4659450650215149,0.4824032485485077,-0.11110634356737137,0.2756439745426178,0.5550817847251892,-0.07194389402866364,0.37525057792663574,0.6766092777252197,-0.10699582099914551,0.3388131558895111,0.6840839385986328,-0.1057371124625206,0.3047563135623932,0.6534898281097412,-0.10193058848381042,0.2487986534833908,0.6189602613449097,-0.09594614803791046,0.33865129947662354,0.7355694770812988,-0.12258810549974442,0.2985813319683075,0.7259353399276733,-0.10494547337293625,0.27116018533706665,0.6912146210670471,-0.09062614291906357,0.22156859934329987,0.6880486607551575,-0.11959243565797806,0.30198484659194946,0.7714767456054688,-0.12558139860630035,0.27291393280029297,0.7610708475112915,-0.10281386226415634,0.2420392632484436,0.7297181487083435,-0.08616497367620468,Q
0.7743745446205139,0.5981667637825012,3.3511702213218086e-07,0.7243595719337463,0.4976358413696289,-0.02809426747262478,0.6190943717956543,0.4495887756347656,-0.0503695048391819,0.5321617722511292,0.46107691526412964,-0.06252478808164597,0.473467618227005,0.48381221294403076,-0.07471668720245361,0.640505850315094,0.48793134093284607,-0.10304801911115646,0.5198562145233154,0.5224950313568115,-0.13248401880264282,0.46602192521095276,0.5197207927703857,-0.13844099640846252,0.43621397018432617,0.5187750458717346,-0.13843609392642975,0.6514232754707336,0.5879766345024109,-0.09986045956611633,0.506301999092102,0.5946863889694214,-0.13034194707870483,0.5289618372917175,0.5582489371299744,-0.12337695807218552,0.5802211761474609,0.5433322191238403,-0.11381862312555313,0.660810112953186,0.6680277585983276,-0.09281212091445923,0.5380845069885254,0.6538561582565308,-0.11295885592699051,0.5654197335243225,0.6215335726737976,-0.08921656012535095,0.6068835258483887,0.613588273525238,-0.07080405950546265,0.6657006144523621,0.7334439754486084,-0.08680706471204758,0.5668663382530212,0.7027660012245178,-0.09873012453317642,0.5917935967445374,0.6736069321632385,-0.08136241137981415,0.6254565715789795,0.6705678701400757,-0.06816202402114868,0.12031398713588715,0.6833314299583435,1.2870955856669752e-07,0.1918972134590149,0.6126078367233276,0.007902181707322598,0.28038373589515686,0.57992023229599,-0.00920585636049509,0.3400455713272095,0.6035561561584473,-0.031000643968582153,0.36889755725860596,0.6398484110832214,-0.052812498062849045,0.297642320394516,0.5119929909706116,-0.04602847620844841,0.37932538986206055,0.49099844694137573,-0.07894112169742584,0.4294562339782715,0.4852118492126465,-0.09776461124420166,0.46657589077949524,0.4872536063194275,-0.1094425618648529,0.27642232179641724,0.5566272139549255,-0.07139500230550766,0.37521132826805115,0.6788797378540039,-0.10557771474123001,0.3392403721809387,0.6862071752548218,-0.10383360832929611,0.305701345205307,0.6539114117622375,-0.09979250282049179,0.24978521466255188,0.6204845309257507,-0.09473947435617447,0.3383677303791046,0.736997127532959,-0.12049858272075653,0.2989598214626312,0.7270551323890686,-0.10294879972934723,0.2720966041088104,0.6911564469337463,-0.08890442550182343,0.22237169742584229,0.6894200444221497,-0.1177867129445076,0.3017335832118988,0.7725244760513306,-0.12345579266548157,0.273685097694397,0.7618774175643921,-0.10100655257701874,0.24356681108474731,0.7295458912849426,-0.08461838215589523,Q
0.773108720779419,0.5957821607589722,3.5472680792736355e-07,0.7235897779464722,0.49624103307724,-0.029196642339229584,0.6194661259651184,0.44930005073547363,-0.05229691043496132,0.533916711807251,0.45989158749580383,-0.06527677923440933,0.4729989171028137,0.4787338078022003,-0.0786098837852478,0.6380966901779175,0.4867912828922272,-0.1038089171051979,0.5190998315811157,0.5229883790016174,-0.13377134501934052,0.46204736828804016,0.5183184146881104,-0.14081546664237976,0.4284430146217346,0.5147218108177185,-0.1417989283800125,0.6500166058540344,0.5868622064590454,-0.10073255002498627,0.5057104825973511,0.5943846702575684,-0.1324649155139923,0.529353141784668,0.5585298538208008,-0.12658773362636566,0.5818560123443604,0.5438775420188904,-0.1175670400261879,0.6605823636054993,0.6671590805053711,-0.09382427483797073,0.5377762913703918,0.6544935703277588,-0.11530904471874237,0.5655010938644409,0.622774064540863,-0.09192834049463272,0.607467532157898,0.6150066256523132,-0.07344115525484085,0.6664365530014038,0.7331987619400024,-0.0880080834031105,0.5661396980285645,0.7039721608161926,-0.10097184777259827,0.5917750000953674,0.6754918098449707,-0.08341842889785767,0.6263959407806396,0.6724609732627869,-0.06987939774990082,0.1197386234998703,0.6840522885322571,1.2369130786282767e-07,0.19189688563346863,0.6137171983718872,0.008397435769438744,0.2813721299171448,0.5821022391319275,-0.008932815864682198,0.34141767024993896,0.6068639159202576,-0.03119388222694397,0.37005311250686646,0.6438235640525818,-0.0536007359623909,0.2971538305282593,0.5128293037414551,-0.04546324908733368,0.3788037598133087,0.4920204281806946,-0.07801930606365204,0.4287888705730438,0.48598045110702515,-0.0967392846941948,0.46623337268829346,0.4872762858867645,-0.10856021195650101,0.27571389079093933,0.557383120059967,-0.07122492790222168,0.3747123181819916,0.6776528358459473,-0.10586843639612198,0.3385125398635864,0.6856446266174316,-0.10444647818803787,0.30486202239990234,0.6542280912399292,-0.10051214694976807,0.24899573624134064,0.6214022040367126,-0.09483971446752548,0.3382532298564911,0.7358856201171875,-0.12078961730003357,0.29884225130081177,0.7266128063201904,-0.10288339108228683,0.2716177999973297,0.6916095614433289,-0.08851886540651321,0.22163623571395874,0.6905165910720825,-0.11811115592718124,0.30209067463874817,0.7720919847488403,-0.12389133125543594,0.2740308940410614,0.7617948651313782,-0.10128072649240494,0.24394086003303528,0.7299689054489136,-0.08479610085487366,Q
0.773374080657959,0.5983976721763611,3.3970587764997617e-07,0.7233518958091736,0.49805793166160583,-0.02652936801314354,0.6180717349052429,0.4532155394554138,-0.04871765151619911,0.5310217142105103,0.46314698457717896,-0.061226986348629,0.470813125371933,0.4865015745162964,-0.07393116503953934,0.6399298906326294,0.49318212270736694,-0.10553944855928421,0.5122773051261902,0.5270994901657104,-0.135489359498024,0.4594629406929016,0.5222687721252441,-0.14093895256519318,0.4323353171348572,0.51912522315979,-0.14031484723091125,0.6506789922714233,0.5942493081092834,-0.10284939408302307,0.5071339011192322,0.5984277129173279,-0.132534921169281,0.5306693315505981,0.5609877109527588,-0.12415778636932373,0.5815817713737488,0.5466515421867371,-0.11449531465768814,0.6607105731964111,0.6743418574333191,-0.09614282101392746,0.5384805202484131,0.658032238483429,-0.11428842693567276,0.5666897296905518,0.6247211694717407,-0.08897455781698227,0.6081617474555969,0.6178677082061768,-0.07072053849697113,0.6665037870407104,0.7387169599533081,-0.09049808979034424,0.5685316920280457,0.7071290016174316,-0.10091295838356018,0.5934336185455322,0.677793562412262,-0.08263341337442398,0.6263691186904907,0.6763266921043396,-0.06942252814769745,0.1203586608171463,0.6868249177932739,1.40275545845725e-07,0.19203196465969086,0.616367757320404,0.008617016486823559,0.2815847396850586,0.5844355821609497,-0.009174153208732605,0.3426482677459717,0.6087034940719604,-0.03206552565097809,0.3716199994087219,0.6446518301963806,-0.05509081855416298,0.29687342047691345,0.5119032859802246,-0.04441818967461586,0.37785881757736206,0.49062737822532654,-0.07742366194725037,0.4285133481025696,0.48651784658432007,-0.09639744460582733,0.46635156869888306,0.4907649755477905,-0.10827326029539108,0.2754020690917969,0.5567721724510193,-0.07033132016658783,0.3755154311656952,0.677941083908081,-0.10629782825708389,0.3390703797340393,0.6866040229797363,-0.10533438622951508,0.30499541759490967,0.655756950378418,-0.10120311379432678,0.24887558817863464,0.6213412284851074,-0.09415246546268463,0.33845698833465576,0.7374176383018494,-0.12084852904081345,0.2989186942577362,0.7279057502746582,-0.10292499512434006,0.2716342806816101,0.6925193071365356,-0.08824622631072998,0.2217174768447876,0.6907835602760315,-0.11760827898979187,0.30216315388679504,0.7735828161239624,-0.12378358840942383,0.2734694182872772,0.7631024122238159,-0.10138893127441406,0.24371567368507385,0.7304621934890747,-0.08491416275501251,Q
0.7733215093612671,0.5971915125846863,4.0411103441329033e-07,0.7237152457237244,0.49506092071533203,-0.033432286232709885,0.6122754812240601,0.4505762457847595,-0.0574788898229599,0.5216060876846313,0.4692736864089966,-0.06934040039777756,0.46194350719451904,0.49071425199508667,-0.08132874965667725,0.6393813490867615,0.49143269658088684,-0.1145477443933487,0.5126659870147705,0.5201860070228577,-0.14427585899829865,0.4499221444129944,0.5110357403755188,-0.1487535685300827,0.40824875235557556,0.502994179725647,-0.14857350289821625,0.6516023278236389,0.5940119624137878,-0.1090812236070633,0.5040276050567627,0.5974361896514893,-0.14093977212905884,0.5295160412788391,0.5606537461280823,-0.13131004571914673,0.5814639925956726,0.5456350445747375,-0.12001214176416397,0.66171795129776,0.674519956111908,-0.09965841472148895,0.5363789796829224,0.6545242667198181,-0.12063749879598618,0.5661542415618896,0.6203668117523193,-0.09449951350688934,0.6072947978973389,0.6129303574562073,-0.07473839074373245,0.6670385003089905,0.738612711429596,-0.09169019013643265,0.5667984485626221,0.7041715383529663,-0.10405556112527847,0.5928207039833069,0.6733779907226562,-0.08610768616199493,0.6261975765228271,0.6716529130935669,-0.07298138737678528,0.11961601674556732,0.6872079968452454,1.2893289635940164e-07,0.19076746702194214,0.6169509887695312,0.007411692291498184,0.2794272005558014,0.5830926895141602,-0.009647452272474766,0.3402508795261383,0.6054282784461975,-0.03145518898963928,0.37030741572380066,0.6404587626457214,-0.05330917611718178,0.29707375168800354,0.5131440758705139,-0.04369458183646202,0.37906613945961,0.4921853542327881,-0.07643607258796692,0.4296225905418396,0.48686134815216064,-0.09554928541183472,0.46790286898612976,0.48899662494659424,-0.10757111757993698,0.2763606011867523,0.5574755072593689,-0.0686536580324173,0.37559735774993896,0.6786380410194397,-0.10368890315294266,0.33906319737434387,0.6875483393669128,-0.10306347161531448,0.3050595819950104,0.6568202972412109,-0.09939119219779968,0.25018399953842163,0.6214980483055115,-0.09173135459423065,0.3383185863494873,0.7375438213348389,-0.11816949397325516,0.29853594303131104,0.7282516956329346,-0.10140042006969452,0.27164536714553833,0.6927542090415955,-0.08756500482559204,0.22307738661766052,0.6907797455787659,-0.11453931033611298,0.3018518090248108,0.7730807065963745,-0.12063879519701004,0.27330702543258667,0.7630098462104797,-0.09882006794214249,0.24344640970230103,0.7308436632156372,-0.08275313675403595,Q
0.7752959132194519,0.6014893054962158,3.254047555856232e-07,0.725028395652771,0.4972514808177948,-0.027806716039776802,0.6184773445129395,0.4525761008262634,-0.051212798804044724,0.5303427577018738,0.4665748178958893,-0.064227394759655,0.4712575674057007,0.48868364095687866,-0.07704456150531769,0.644744336605072,0.4949238896369934,-0.1120913028717041,0.510764479637146,0.5279010534286499,-0.14306804537773132,0.46223801374435425,0.5218111872673035,-0.14811864495277405,0.443229079246521,0.5186421871185303,-0.14658679068088531,0.6544207334518433,0.5974923968315125,-0.10785043239593506,0.5086898803710938,0.5973458886146545,-0.13512574136257172,0.5288732051849365,0.5607621073722839,-0.12483260780572891,0.5787309408187866,0.5485990047454834,-0.1152358204126358,0.6631999611854553,0.6783297657966614,-0.09952525049448013,0.5381955504417419,0.657207190990448,-0.11394784599542618,0.5635837912559509,0.6237982511520386,-0.08766328543424606,0.604387104511261,0.6173996329307556,-0.07056928426027298,0.6677167415618896,0.7425232529640198,-0.09247039258480072,0.5684036612510681,0.7068047523498535,-0.09999287128448486,0.5906215310096741,0.6764020323753357,-0.08169287443161011,0.6224974989891052,0.6744813919067383,-0.06961744278669357,0.12060129642486572,0.6870465278625488,1.529447217762936e-07,0.19274944067001343,0.6162117719650269,0.007079220376908779,0.28049513697624207,0.5815401673316956,-0.010414820164442062,0.3404979109764099,0.6012882590293884,-0.03251703456044197,0.37029409408569336,0.6324421763420105,-0.05452814698219299,0.2985372543334961,0.5129504799842834,-0.045864712446928024,0.38163283467292786,0.49317145347595215,-0.07989560067653656,0.4335653483867645,0.4901599884033203,-0.09931065142154694,0.47237110137939453,0.4956897497177124,-0.1110144853591919,0.27683746814727783,0.55882728099823,-0.07067742943763733,0.3777965307235718,0.6813980340957642,-0.10636132955551147,0.3418264389038086,0.689532458782196,-0.10498113185167313,0.3073045611381531,0.65843665599823,-0.10049306601285934,0.2502434253692627,0.6236859560012817,-0.09370727092027664,0.3394876718521118,0.7406137585639954,-0.12079114466905594,0.3003220856189728,0.730410635471344,-0.10371588915586472,0.27291014790534973,0.6943145990371704,-0.08935470134019852,0.22310355305671692,0.6937373876571655,-0.11644069105386734,0.3022773265838623,0.7765920758247375,-0.12277120351791382,0.2744956910610199,0.7654370069503784,-0.1008201614022255,0.24428366124629974,0.7325047254562378,-0.08444244414567947,Q
0.7778294086456299,0.6018149852752686,3.4749012911561294e-07,0.7281676530838013,0.4983211159706116,-0.027253244072198868,0.6236627697944641,0.4551141560077667,-0.04986582696437836,0.5371538996696472,0.4657800793647766,-0.06257622689008713,0.4774235486984253,0.4835139513015747,-0.07521092146635056,0.6463032960891724,0.4984901249408722,-0.10738702863454819,0.5169692039489746,0.5301164388656616,-0.13846947252750397,0.46465349197387695,0.5250415205955505,-0.14463452994823456,0.4398425817489624,0.5223445892333984,-0.1441223919391632,0.6557730436325073,0.600713312625885,-0.10365131497383118,0.5112602114677429,0.6008738279342651,-0.1330200433731079,0.5330605506896973,0.5636801719665527,-0.1244116798043251,0.5830895900726318,0.5501811504364014,-0.11489732563495636,0.6641720533370972,0.6810113787651062,-0.09593265503644943,0.5393248796463013,0.6599880456924438,-0.11278251558542252,0.5654488801956177,0.6270347833633423,-0.08715640753507614,0.6063840389251709,0.6206430792808533,-0.06929682940244675,0.6685498952865601,0.7446427345275879,-0.08940490335226059,0.5695111751556396,0.7093552350997925,-0.0986085832118988,0.5928686857223511,0.6797658205032349,-0.08037111163139343,0.6254563927650452,0.6779125332832336,-0.06754113733768463,0.12028609216213226,0.6893439292907715,1.1886981354791715e-07,0.19407889246940613,0.6176774501800537,0.009037498384714127,0.2823505103588104,0.5832761526107788,-0.007692205253988504,0.34127163887023926,0.6042892932891846,-0.029441649094223976,0.37034323811531067,0.6384453773498535,-0.05107439309358597,0.30019840598106384,0.5164922475814819,-0.04482011869549751,0.37842464447021484,0.49293047189712524,-0.07862552255392075,0.4277856945991516,0.48804330825805664,-0.09748247265815735,0.46427327394485474,0.4929639399051666,-0.10853196680545807,0.27817976474761963,0.5614709854125977,-0.0707937479019165,0.3792630136013031,0.6854828596115112,-0.10591604560613632,0.3423738479614258,0.6917840838432312,-0.10341524332761765,0.30736881494522095,0.6594920754432678,-0.09790676832199097,0.2512834370136261,0.6255784034729004,-0.09493030607700348,0.3407439589500427,0.7449097633361816,-0.1216544359922409,0.30068790912628174,0.733224093914032,-0.10418947041034698,0.2730543315410614,0.6962831616401672,-0.08940156549215317,0.22389020025730133,0.695023775100708,-0.11864645034074783,0.3035470247268677,0.7804276943206787,-0.12419500946998596,0.2749827802181244,0.7679357528686523,-0.10169646143913269,0.24421149492263794,0.7342962026596069,-0.08491490036249161,Q
0.7765310406684875,0.5984545946121216,4.3742343791564053e-07,0.727388322353363,0.4976964592933655,-0.03048287145793438,0.6229721903800964,0.45605602860450745,-0.054529573768377304,0.5372040271759033,0.4687613844871521,-0.06767591089010239,0.4761534333229065,0.4831254184246063,-0.08074340224266052,0.6428176164627075,0.49954330921173096,-0.11275283992290497,0.5125939249992371,0.5289366245269775,-0.1424819976091385,0.4544330835342407,0.5153998732566833,-0.14696456491947174,0.4213021397590637,0.5024317502975464,-0.14593884348869324,0.6539862751960754,0.6007676124572754,-0.10752372443675995,0.5078501105308533,0.601974606513977,-0.1367919147014618,0.5298881530761719,0.5622918009757996,-0.12646262347698212,0.5797716379165649,0.5460612177848816,-0.11551181972026825,0.6636478304862976,0.6797975897789001,-0.09824810177087784,0.5379113554954529,0.656977653503418,-0.11600542813539505,0.5645112991333008,0.6222080588340759,-0.08984261006116867,0.604859471321106,0.6150864362716675,-0.07119365781545639,0.6689200401306152,0.7430232763290405,-0.09030184149742126,0.5691806077957153,0.7055122256278992,-0.10126310586929321,0.5924633741378784,0.6744076013565063,-0.08381150662899017,0.6245071291923523,0.6723271012306213,-0.07113391906023026,0.11979500949382782,0.6900112628936768,1.3177593416457967e-07,0.19063159823417664,0.6193546056747437,0.0091828852891922,0.2788468301296234,0.5870233774185181,-0.008313780650496483,0.34005963802337646,0.6128581166267395,-0.031152265146374702,0.371726930141449,0.6495535373687744,-0.05394473299384117,0.2982175648212433,0.515410840511322,-0.04180660471320152,0.37675410509109497,0.49101608991622925,-0.07352663576602936,0.42664000391960144,0.489469051361084,-0.09111438691616058,0.4623831510543823,0.49745824933052063,-0.1018151342868805,0.27822402119636536,0.5607575178146362,-0.06742458790540695,0.377944678068161,0.6806432008743286,-0.10220512747764587,0.3412036597728729,0.6904374957084656,-0.10076938569545746,0.3066662847995758,0.6588216423988342,-0.09615272283554077,0.25275731086730957,0.6255892515182495,-0.09104792028665543,0.342277854681015,0.74151611328125,-0.11720629781484604,0.3024224042892456,0.7325512766838074,-0.09969166666269302,0.2741214334964752,0.6959101557731628,-0.08521075546741486,0.22576773166656494,0.6950960159301758,-0.11414896696805954,0.30529433488845825,0.7778441309928894,-0.12014620751142502,0.27639317512512207,0.7676669955253601,-0.09812984615564346,0.24644874036312103,0.7342682480812073,-0.08175403624773026,Q
0.7804211974143982,0.6059156060218811,3.931166929760366e-07,0.7302995920181274,0.5019737482070923,-0.03196195513010025,0.6248351335525513,0.4580319821834564,-0.055769629776477814,0.5382794737815857,0.4694409966468811,-0.06792803853750229,0.47743016481399536,0.485051691532135,-0.0798887386918068,0.6470681428909302,0.4999309480190277,-0.11330369859933853,0.5226200819015503,0.5264701843261719,-0.14284612238407135,0.4625219404697418,0.523009717464447,-0.14766506850719452,0.42587050795555115,0.5226258635520935,-0.14738789200782776,0.6571813821792603,0.6029578447341919,-0.10761997848749161,0.5107991695404053,0.6020233035087585,-0.13772089779376984,0.5335829257965088,0.5614845752716064,-0.12793311476707458,0.5843814015388489,0.5450909733772278,-0.11701653152704239,0.665637195110321,0.6835176944732666,-0.0979180634021759,0.5403000712394714,0.6605988144874573,-0.11605722457170486,0.5679302215576172,0.6248787045478821,-0.09010326862335205,0.6089239120483398,0.6176800727844238,-0.07145067304372787,0.67000412940979,0.74737548828125,-0.08973920345306396,0.5703724026679993,0.7103610634803772,-0.1002645194530487,0.5943722128868103,0.6782650947570801,-0.08272837847471237,0.6269733905792236,0.6761624813079834,-0.07020852714776993,0.1204080581665039,0.6909521222114563,1.7778089045350498e-07,0.19064509868621826,0.6199455261230469,0.006273223087191582,0.27893179655075073,0.5861188173294067,-0.012726068496704102,0.34112748503685,0.6079369783401489,-0.03648947924375534,0.37078315019607544,0.6415353417396545,-0.06021541729569435,0.29907214641571045,0.5162067413330078,-0.04618659242987633,0.38411325216293335,0.49369674921035767,-0.0803903341293335,0.4373188614845276,0.4924825429916382,-0.09903015941381454,0.47612401843070984,0.5005818605422974,-0.10996559262275696,0.27825143933296204,0.5625189542770386,-0.07054241001605988,0.3790920376777649,0.6841681003570557,-0.10719045251607895,0.3410477638244629,0.6920178532600403,-0.1050817221403122,0.3065269887447357,0.6586629748344421,-0.09949596226215363,0.25258752703666687,0.6276000738143921,-0.09317208081483841,0.3419399559497833,0.7445022463798523,-0.12089072167873383,0.3014965355396271,0.7336980700492859,-0.1027684286236763,0.2737833261489868,0.695809543132782,-0.08737080544233322,0.2259777933359146,0.6969806551933289,-0.11552710831165314,0.30452677607536316,0.7788275480270386,-0.12209057807922363,0.2756229341030121,0.7680639028549194,-0.09945552051067352,0.24604283273220062,0.7343436479568481,-0.08234991878271103,Q
0.7817188501358032,0.6028056740760803,3.634998790857935e-07,0.730414628982544,0.4990726113319397,-0.03186154365539551,0.6201564073562622,0.4573483467102051,-0.054497431963682175,0.5306881070137024,0.4727287292480469,-0.06567984074354172,0.4691208004951477,0.48690682649612427,-0.07655821740627289,0.6475663185119629,0.49885886907577515,-0.11124425381422043,0.520451545715332,0.529056191444397,-0.1404859572649002,0.46197646856307983,0.5255767703056335,-0.14486193656921387,0.4288208484649658,0.5242125391960144,-0.14399972558021545,0.6583830118179321,0.6032701134681702,-0.10492271929979324,0.5138165950775146,0.6055537462234497,-0.13402150571346283,0.5360896587371826,0.5675022602081299,-0.12385419011116028,0.5869591236114502,0.551466703414917,-0.11308769881725311,0.6671218276023865,0.683648943901062,-0.09483592957258224,0.544187068939209,0.6611925363540649,-0.11279194802045822,0.5718867182731628,0.6274891495704651,-0.0873255655169487,0.6125649213790894,0.6206400394439697,-0.06916246563196182,0.6706420183181763,0.7474632859230042,-0.08623386174440384,0.572279155254364,0.7091637849807739,-0.09677108377218246,0.5974081754684448,0.6793345212936401,-0.07968083769083023,0.6302006244659424,0.6779000759124756,-0.06762692332267761,0.1194198876619339,0.6928337812423706,1.3767659368113527e-07,0.19247519969940186,0.6205525994300842,0.009444408118724823,0.2815125584602356,0.5873951315879822,-0.008894589729607105,0.34206268191337585,0.6127080917358398,-0.032733477652072906,0.3720211386680603,0.6498623490333557,-0.05668773502111435,0.3009377717971802,0.5163685083389282,-0.04509540647268295,0.38283422589302063,0.49485915899276733,-0.0794675424695015,0.43538975715637207,0.4927385449409485,-0.09880302846431732,0.4730059504508972,0.5000760555267334,-0.1102663055062294,0.27898937463760376,0.5630546808242798,-0.07181771099567413,0.3790486454963684,0.6874690055847168,-0.10778340697288513,0.3416000306606293,0.6939923167228699,-0.10555722564458847,0.30664747953414917,0.6601953506469727,-0.10041171312332153,0.2522473931312561,0.628303587436676,-0.09664781391620636,0.3413512408733368,0.7471150159835815,-0.1239006444811821,0.3009292185306549,0.7361090779304504,-0.10555976629257202,0.2732217013835907,0.6987946033477783,-0.09041860699653625,0.2247733771800995,0.6980773210525513,-0.12103420495986938,0.3042742609977722,0.7823786735534668,-0.12695111334323883,0.2751477360725403,0.7711125612258911,-0.10367435961961746,0.24482077360153198,0.73781418800354,-0.08641922473907471,Q
0.7797421813011169,0.6053436398506165,4.5055901409796206e-07,0.7305513620376587,0.4987081289291382,-0.03718702122569084,0.6186230778694153,0.4526318311691284,-0.06193142011761665,0.5295826196670532,0.4731326699256897,-0.07357118278741837,0.46738171577453613,0.4819789230823517,-0.08471435308456421,0.647014856338501,0.4993740916252136,-0.11816681176424026,0.5189372897148132,0.5265569686889648,-0.14803288877010345,0.4497043490409851,0.5157496333122253,-0.152160182595253,0.40310677886009216,0.5060794353485107,-0.15198914706707,0.6590627431869507,0.6050252914428711,-0.11041612923145294,0.5101649761199951,0.602207362651825,-0.14386191964149475,0.535943329334259,0.5627487301826477,-0.13407176733016968,0.5895139575004578,0.5477403998374939,-0.12195723503828049,0.6683017611503601,0.6847430467605591,-0.09882745891809464,0.5418976545333862,0.6584948301315308,-0.12099596112966537,0.5730453729629517,0.622033953666687,-0.09451968222856522,0.6151849031448364,0.6156590580940247,-0.07410341501235962,0.6725625395774841,0.7475587129592896,-0.08906290680170059,0.57177734375,0.7067599892616272,-0.10277001559734344,0.5990028381347656,0.6746451258659363,-0.0858454555273056,0.6323263645172119,0.6735838651657104,-0.07316870987415314,0.11898049712181091,0.6912093758583069,1.3756751116034138e-07,0.19078366458415985,0.6195290684700012,0.00849892757833004,0.2804587781429291,0.5872392058372498,-0.010352612473070621,0.34233176708221436,0.6136032342910767,-0.03473949432373047,0.37304186820983887,0.6516389846801758,-0.059331391006708145,0.2994975447654724,0.5155218839645386,-0.04387157782912254,0.3842220902442932,0.49507075548171997,-0.07721523940563202,0.4368605613708496,0.4935391843318939,-0.09629926085472107,0.47623980045318604,0.5001627206802368,-0.10826341062784195,0.27889442443847656,0.5623796582221985,-0.06999779492616653,0.37691569328308105,0.6843103766441345,-0.1064690425992012,0.3381139636039734,0.6917392611503601,-0.1055261492729187,0.30378639698028564,0.6583088040351868,-0.10139388591051102,0.25298935174942017,0.628519594669342,-0.0941283255815506,0.3415164053440094,0.7455959320068359,-0.12161650508642197,0.30004534125328064,0.7347804307937622,-0.10347414761781693,0.2721903622150421,0.697166383266449,-0.08860024809837341,0.22604624927043915,0.6987490057945251,-0.11787030845880508,0.30536603927612305,0.7814042568206787,-0.12469351291656494,0.2754320502281189,0.7703635096549988,-0.1020110622048378,0.2455536276102066,0.736901044845581,-0.08512383699417114,Q
0.7822257280349731,0.6039060950279236,3.6482472864918236e-07,0.7323775291442871,0.49693602323532104,-0.031958188861608505,0.6250137686729431,0.4530599117279053,-0.05518228933215141,0.5375097990036011,0.4672391414642334,-0.06692136824131012,0.47658446431159973,0.4863157272338867,-0.07816574722528458,0.6510226726531982,0.5008037686347961,-0.11241710186004639,0.5224419236183167,0.5297858715057373,-0.14240042865276337,0.46584635972976685,0.5271473526954651,-0.14713193476200104,0.43499451875686646,0.527972400188446,-0.14627426862716675,0.6602392792701721,0.6051803231239319,-0.10617800056934357,0.514246940612793,0.6023929119110107,-0.13594864308834076,0.5362356305122375,0.5624372959136963,-0.12639592587947845,0.5868848562240601,0.5473873615264893,-0.11597005277872086,0.6677273511886597,0.685322642326355,-0.0961064025759697,0.5423181056976318,0.6600207686424255,-0.11364120244979858,0.5688146352767944,0.6244770884513855,-0.08825480192899704,0.6093758940696716,0.617338240146637,-0.07037182152271271,0.6705448627471924,0.7475873231887817,-0.08760868012905121,0.5708000659942627,0.7081248164176941,-0.09780235588550568,0.5946255326271057,0.6766105890274048,-0.08083551377058029,0.6272191405296326,0.6743846535682678,-0.06897787004709244,0.11860999464988708,0.6913361549377441,1.4010601034897263e-07,0.19132018089294434,0.6188384890556335,0.008520512841641903,0.2820932865142822,0.5872756242752075,-0.01062469370663166,0.3439316749572754,0.6141610741615295,-0.035298798233270645,0.3732667565345764,0.6531611680984497,-0.06021621823310852,0.2997358441352844,0.5148464441299438,-0.044640254229307175,0.38430479168891907,0.4952394366264343,-0.07811335474252701,0.4369658827781677,0.4928451180458069,-0.09733474999666214,0.47633853554725647,0.49863696098327637,-0.10946261882781982,0.2785676419734955,0.5624067783355713,-0.07104898244142532,0.3771449625492096,0.6853105425834656,-0.10787803679704666,0.3383222222328186,0.6922275424003601,-0.10690928250551224,0.30377277731895447,0.6583989262580872,-0.10268733650445938,0.25252142548561096,0.6289695501327515,-0.0953935906291008,0.3414142429828644,0.7458052635192871,-0.1226862296462059,0.30020374059677124,0.7350464463233948,-0.1040298342704773,0.27230772376060486,0.6976571679115295,-0.0888231173157692,0.2256755232810974,0.6993032097816467,-0.1194281205534935,0.3057391047477722,0.7815931439399719,-0.1257553994655609,0.27616047859191895,0.7708420753479004,-0.10260488092899323,0.24630555510520935,0.7378573417663574,-0.08546078205108643,Q
0.7791451811790466,0.600386917591095,4.686474426307541e-07,0.7294159531593323,0.49566012620925903,-0.036251600831747055,0.6203622817993164,0.45288020372390747,-0.06166880205273628,0.5318063497543335,0.4697471261024475,-0.07408604770898819,0.47100740671157837,0.48219865560531616,-0.0860074907541275,0.6469338536262512,0.4987841248512268,-0.11998781561851501,0.5182899236679077,0.5243427157402039,-0.15072192251682281,0.45147043466567993,0.5138640999794006,-0.15569300949573517,0.4070218801498413,0.5054140686988831,-0.15588825941085815,0.6585163474082947,0.603840708732605,-0.11229515820741653,0.510119616985321,0.601945698261261,-0.145350381731987,0.5350531935691833,0.5609726309776306,-0.13553282618522644,0.5871694684028625,0.5442676544189453,-0.1238245815038681,0.6673285961151123,0.6838831901550293,-0.10052002221345901,0.5410217046737671,0.6585245728492737,-0.12114417552947998,0.5705792307853699,0.621137797832489,-0.09417611360549927,0.6120953559875488,0.61379075050354,-0.07401219010353088,0.671438455581665,0.7466732263565063,-0.09058615565299988,0.5721505284309387,0.706723690032959,-0.10275333374738693,0.5977737307548523,0.6740785837173462,-0.08523840457201004,0.6303623914718628,0.6722663044929504,-0.07235480844974518,0.11910299956798553,0.6910603642463684,1.4026184658177954e-07,0.19122785329818726,0.6188352704048157,0.00797534454613924,0.28092092275619507,0.5868276357650757,-0.010415785014629364,0.34267449378967285,0.6130872964859009,-0.03384507820010185,0.37424132227897644,0.6504987478256226,-0.057241108268499374,0.3004894554615021,0.5148628950119019,-0.04672909528017044,0.3856367766857147,0.49374955892562866,-0.08141587674617767,0.43932995200157166,0.4918636083602905,-0.10089439898729324,0.4791406989097595,0.49930885434150696,-0.11258387565612793,0.279112309217453,0.561955988407135,-0.07263161987066269,0.37839841842651367,0.6858002543449402,-0.10905641317367554,0.34002798795700073,0.6915300488471985,-0.10731498152017593,0.3056791424751282,0.6568366289138794,-0.10261540859937668,0.25263798236846924,0.6276528835296631,-0.0966620072722435,0.34187665581703186,0.7459586262702942,-0.12471530586481094,0.3005874454975128,0.7342249751091003,-0.10673678666353226,0.27278706431388855,0.6955432891845703,-0.09171939641237259,0.22506774961948395,0.6976222395896912,-0.12028191238641739,0.30476024746894836,0.7809186577796936,-0.12716667354106903,0.2755606472492218,0.7697781324386597,-0.10426298528909683,0.24498343467712402,0.7355826497077942,-0.0870676040649414,Q
0.7811846733093262,0.6033629179000854,4.5046036234452913e-07,0.7320738434791565,0.4960711598396301,-0.0386495478451252,0.6233022212982178,0.45053350925445557,-0.06525872647762299,0.5347172021865845,0.46722012758255005,-0.07808662950992584,0.472112774848938,0.48101428151130676,-0.09031354635953903,0.651069164276123,0.5015127658843994,-0.12532348930835724,0.5243434906005859,0.5272132158279419,-0.15764272212982178,0.46000516414642334,0.5158259868621826,-0.16338200867176056,0.41841769218444824,0.5072019696235657,-0.16385142505168915,0.660936713218689,0.6056495308876038,-0.11704463511705399,0.5107840895652771,0.5981976389884949,-0.1508602648973465,0.5356741547584534,0.5543380975723267,-0.14068548381328583,0.5888674259185791,0.5373703837394714,-0.12871086597442627,0.6684033274650574,0.6852788925170898,-0.10492860525846481,0.5399999618530273,0.6558308601379395,-0.1265098750591278,0.5707067251205444,0.616325318813324,-0.09961311519145966,0.6127868890762329,0.6088615655899048,-0.0794990062713623,0.6717819571495056,0.7474751472473145,-0.09484079480171204,0.5707635283470154,0.7047156095504761,-0.10841242969036102,0.5968383550643921,0.6704798340797424,-0.09165994077920914,0.6299905776977539,0.66898512840271,-0.07937214523553848,0.11886528134346008,0.6914647817611694,1.5748578618968168e-07,0.1898604929447174,0.6175442934036255,0.007439210545271635,0.2799103558063507,0.5856771469116211,-0.012608332559466362,0.3427883982658386,0.6128696203231812,-0.037647049874067307,0.3737659156322479,0.651974081993103,-0.06288933008909225,0.2995161712169647,0.5142896771430969,-0.05045161023736,0.38820672035217285,0.4932977557182312,-0.08587188273668289,0.44309931993484497,0.49149662256240845,-0.10540822893381119,0.4840649366378784,0.4985595941543579,-0.11712934076786041,0.27815017104148865,0.56165611743927,-0.07638289034366608,0.37881195545196533,0.6860815286636353,-0.11370249837636948,0.33944541215896606,0.6931023001670837,-0.1113717332482338,0.30446532368659973,0.6592791676521301,-0.10623364895582199,0.252288281917572,0.6276683211326599,-0.10025573521852493,0.3421926498413086,0.7466576099395752,-0.12822352349758148,0.30056652426719666,0.7358407974243164,-0.10901021957397461,0.2723752558231354,0.6980293393135071,-0.0933939516544342,0.2256942093372345,0.6976597309112549,-0.1238173097372055,0.30571892857551575,0.7809789180755615,-0.12993526458740234,0.27608007192611694,0.7704870700836182,-0.10604870319366455,0.24513959884643555,0.7371751070022583,-0.08841434121131897,Q
0.7825998067855835,0.6055134534835815,4.4213214778210386e-07,0.7332804799079895,0.49869439005851746,-0.03614600747823715,0.6264869570732117,0.45459699630737305,-0.062251947820186615,0.5383510589599609,0.46672189235687256,-0.07522998005151749,0.4756065011024475,0.4808015525341034,-0.08755392581224442,0.6544178128242493,0.5020248293876648,-0.12335828691720963,0.5251213908195496,0.5271525382995605,-0.15532250702381134,0.46093958616256714,0.5199083685874939,-0.16036143898963928,0.4206746220588684,0.5163609385490417,-0.15998513996601105,0.6630353927612305,0.6067880392074585,-0.11571264266967773,0.5118076205253601,0.6029900312423706,-0.1479678452014923,0.5344584584236145,0.5599955916404724,-0.1371200978755951,0.5858474373817444,0.5428042411804199,-0.12514005601406097,0.6694290637969971,0.6870585083961487,-0.10400586575269699,0.5406959056854248,0.6588824987411499,-0.12385586649179459,0.5693118572235107,0.6205466389656067,-0.09660301357507706,0.6100795269012451,0.613480269908905,-0.07680945843458176,0.6715888977050781,0.7492011785507202,-0.09412021189928055,0.5715036392211914,0.7066530585289001,-0.10599236935377121,0.5969160795211792,0.6731337308883667,-0.0884234681725502,0.6297924518585205,0.671796977519989,-0.0758119598031044,0.11839060485363007,0.6948028802871704,1.395656568092818e-07,0.18889068067073822,0.6194654703140259,0.008467370644211769,0.2781434953212738,0.5853255987167358,-0.010260744951665401,0.3405534327030182,0.6094828248023987,-0.033838264644145966,0.37345850467681885,0.6454062461853027,-0.05747179687023163,0.2992106080055237,0.5157754421234131,-0.05036638677120209,0.3875041902065277,0.4910755157470703,-0.08587568253278732,0.4430071711540222,0.4904959201812744,-0.10540709644556046,0.48310989141464233,0.4992874562740326,-0.11665596812963486,0.2778153419494629,0.5630694627761841,-0.07593409717082977,0.37874314188957214,0.6843249797821045,-0.1117529571056366,0.3409963548183441,0.6937068104743958,-0.10912757366895676,0.3063066303730011,0.6616804003715515,-0.10405690222978592,0.252281129360199,0.6290942430496216,-0.09935465455055237,0.3422326147556305,0.7459704279899597,-0.126249760389328,0.30145466327667236,0.7371701002120972,-0.10744515061378479,0.27335867285728455,0.7010958194732666,-0.09226918965578079,0.22599321603775024,0.6993594169616699,-0.12226679176092148,0.3057720363140106,0.7822731137275696,-0.12746334075927734,0.2768627107143402,0.7727843523025513,-0.10346276313066483,0.24559974670410156,0.7404130101203918,-0.085716612637043,Q
0.7830463647842407,0.6041637659072876,4.250735798905225e-07,0.7329538464546204,0.4974561333656311,-0.037486348301172256,0.6232201457023621,0.45307379961013794,-0.06349266320466995,0.534550666809082,0.467040091753006,-0.0757819265127182,0.4725807011127472,0.47715553641319275,-0.08749543130397797,0.6520887017250061,0.5009345412254333,-0.12536664307117462,0.5256019830703735,0.52667236328125,-0.15711207687854767,0.46120595932006836,0.520485520362854,-0.16200099885463715,0.41808515787124634,0.5179176330566406,-0.16207094490528107,0.6633644104003906,0.6054813265800476,-0.11748602986335754,0.510936975479126,0.6018654704093933,-0.15047641098499298,0.5359039306640625,0.5591599941253662,-0.13953062891960144,0.5881131291389465,0.541756808757782,-0.12737277150154114,0.6709943413734436,0.6858267784118652,-0.1055862084031105,0.5399555563926697,0.6592342257499695,-0.12691834568977356,0.5708385705947876,0.620587944984436,-0.09987102448940277,0.6124861836433411,0.6124239563941956,-0.07973109930753708,0.6738370656967163,0.7487242817878723,-0.09553800523281097,0.5711691975593567,0.7076842188835144,-0.10868373513221741,0.5974404811859131,0.6736177802085876,-0.09167151153087616,0.6308519840240479,0.6712402105331421,-0.07939190417528152,0.11714878678321838,0.6958479881286621,1.3927324005180708e-07,0.18827714025974274,0.6211912631988525,0.008578844368457794,0.27779465913772583,0.5883247256278992,-0.01056572888046503,0.34089601039886475,0.6143255233764648,-0.034858960658311844,0.37446701526641846,0.6514194011688232,-0.05927436426281929,0.2994091212749481,0.5160635113716125,-0.04920317605137825,0.38835039734840393,0.4919902980327606,-0.08427158743143082,0.44484028220176697,0.4914466440677643,-0.10395260900259018,0.48566484451293945,0.49952542781829834,-0.11566996574401855,0.2782084345817566,0.563200831413269,-0.07509132474660873,0.3771333694458008,0.684727132320404,-0.110985167324543,0.3392907679080963,0.6948486566543579,-0.10922979563474655,0.3051324784755707,0.6623181104660034,-0.10505742579698563,0.25288328528404236,0.6294010877609253,-0.09878133237361908,0.3415246903896332,0.7465885877609253,-0.12554220855236053,0.301087349653244,0.7385674715042114,-0.10679052025079727,0.27337872982025146,0.7022182941436768,-0.09193454682826996,0.22674548625946045,0.6993787884712219,-0.122063048183918,0.3057549297809601,0.7823630571365356,-0.12735740840435028,0.277086466550827,0.773517906665802,-0.1034887358546257,0.24633827805519104,0.741194486618042,-0.08592046052217484,Q
0.7833064794540405,0.6037575006484985,4.047924733185937e-07,0.7325273156166077,0.49881404638290405,-0.035972435027360916,0.6232146620750427,0.455588698387146,-0.061143916100263596,0.5338635444641113,0.468472421169281,-0.07322216033935547,0.4732024073600769,0.4868074357509613,-0.08490797132253647,0.6530013084411621,0.49871110916137695,-0.11998066306114197,0.5296158194541931,0.5235859155654907,-0.15160603821277618,0.46582573652267456,0.5191882252693176,-0.1574758142232895,0.42262136936187744,0.5185834765434265,-0.15817773342132568,0.6633257269859314,0.602072536945343,-0.1130436360836029,0.5119478106498718,0.6027417182922363,-0.14616499841213226,0.5359872579574585,0.561360776424408,-0.13691608607769012,0.5872265100479126,0.5435143113136292,-0.12577518820762634,0.6704311966896057,0.6832752227783203,-0.10210641473531723,0.5401590466499329,0.6609639525413513,-0.12395280599594116,0.5696995854377747,0.622765839099884,-0.09792668372392654,0.6111698746681213,0.6136258840560913,-0.07809893786907196,0.6730802059173584,0.74717116355896,-0.09286827594041824,0.5705639719963074,0.7100883722305298,-0.10578987747430801,0.5962139964103699,0.6759973168373108,-0.08838772773742676,0.6303187012672424,0.6725350022315979,-0.07563748210668564,0.11680448055267334,0.6969438791275024,1.2651806002850208e-07,0.18934231996536255,0.6220687031745911,0.008013512939214706,0.2786031663417816,0.5902529954910278,-0.011897859163582325,0.34196966886520386,0.6176535487174988,-0.03686254099011421,0.3742688000202179,0.6555377840995789,-0.06194700300693512,0.30022192001342773,0.5166667699813843,-0.05048969015479088,0.3897572457790375,0.49382615089416504,-0.08559589833021164,0.44638073444366455,0.4912392497062683,-0.10561086982488632,0.4877033531665802,0.49592503905296326,-0.11787004768848419,0.2793568968772888,0.5640374422073364,-0.07647089660167694,0.3755282759666443,0.6856703758239746,-0.11169750988483429,0.33764058351516724,0.6944290399551392,-0.10958551615476608,0.3045468032360077,0.660590410232544,-0.10573633760213852,0.2540559768676758,0.6306763291358948,-0.10024023801088333,0.34123554825782776,0.7469558119773865,-0.12654244899749756,0.3005668520927429,0.7376174926757812,-0.10732530057430267,0.27295058965682983,0.7005017995834351,-0.09261026978492737,0.22808051109313965,0.7013196349143982,-0.12376661598682404,0.3059931993484497,0.7831218242645264,-0.12901999056339264,0.2770184278488159,0.7731673717498779,-0.10504268109798431,0.2462281882762909,0.7406253814697266,-0.0875977873802185,Q
0.7844907641410828,0.6021165251731873,4.0309157611773117e-07,0.7328895330429077,0.4975028932094574,-0.033533841371536255,0.6248112320899963,0.45466095209121704,-0.05805303901433945,0.5362353324890137,0.4672824442386627,-0.07017828524112701,0.4771214723587036,0.48699623346328735,-0.08216246962547302,0.6537017226219177,0.49989432096481323,-0.11694584041833878,0.5293858647346497,0.5260306596755981,-0.147591233253479,0.46748775243759155,0.5202763676643372,-0.15320327877998352,0.4277893602848053,0.5175758600234985,-0.15359556674957275,0.6629310250282288,0.6029143333435059,-0.11093568056821823,0.5124385952949524,0.6041364073753357,-0.1426132321357727,0.5344198942184448,0.5645426511764526,-0.13366417586803436,0.5856063961982727,0.548660933971405,-0.12298284471035004,0.6701138615608215,0.6837090253829956,-0.10072407126426697,0.5411902666091919,0.6623254418373108,-0.12068773806095123,0.5676817297935486,0.6247596144676208,-0.09530740976333618,0.6085222363471985,0.6160921454429626,-0.0763825997710228,0.6729028820991516,0.7468794584274292,-0.09201565384864807,0.5717897415161133,0.7118123173713684,-0.10368077456951141,0.5952070355415344,0.677832305431366,-0.0862913727760315,0.6282340288162231,0.6742202043533325,-0.07365774363279343,0.11548034846782684,0.6970559358596802,1.300072369758709e-07,0.1880054473876953,0.6213045716285706,0.00863806251436472,0.27707037329673767,0.5886318683624268,-0.011048443615436554,0.3403250575065613,0.6152592897415161,-0.03584958240389824,0.37247133255004883,0.654207706451416,-0.060776423662900925,0.2989756464958191,0.516980767250061,-0.050106555223464966,0.38898980617523193,0.49364206194877625,-0.08554429560899734,0.4460943639278412,0.49274304509162903,-0.1059839129447937,0.4881901144981384,0.49855852127075195,-0.11854828149080276,0.27864041924476624,0.5643793940544128,-0.07634294778108597,0.37540432810783386,0.6837506294250488,-0.11194467544555664,0.3381505310535431,0.6936851143836975,-0.11023217439651489,0.3046568036079407,0.6609326601028442,-0.10659784823656082,0.2536443769931793,0.6309278011322021,-0.10030508786439896,0.34091299772262573,0.7459908723831177,-0.12656162679195404,0.3007853329181671,0.7376499772071838,-0.10744543373584747,0.27283263206481934,0.7009122967720032,-0.0927964448928833,0.22764825820922852,0.7018625736236572,-0.12397685647010803,0.3060186207294464,0.7832591533660889,-0.12902231514453888,0.2771996557712555,0.7738112807273865,-0.1050264984369278,0.24594594538211823,0.7410099506378174,-0.08759187161922455,Q
0.7825333476066589,0.6021979451179504,4.789107492797484e-07,0.7315868139266968,0.498168408870697,-0.035532258450984955,0.6232089400291443,0.45434483885765076,-0.0603620707988739,0.5341334342956543,0.46838849782943726,-0.07202337682247162,0.4744965434074402,0.48788467049598694,-0.0837850347161293,0.6496558785438538,0.49973344802856445,-0.12037789076566696,0.5223322510719299,0.5224471688270569,-0.1510881930589676,0.4511294960975647,0.5098916292190552,-0.15666450560092926,0.4008259177207947,0.49983304738998413,-0.15737758576869965,0.6598863005638123,0.6023568511009216,-0.11332272738218307,0.5104296803474426,0.6017693877220154,-0.14557930827140808,0.5337890982627869,0.5616180300712585,-0.1358223855495453,0.5855196118354797,0.5453315377235413,-0.12432962656021118,0.668215274810791,0.6831883192062378,-0.10202731937170029,0.5404313206672668,0.6606816053390503,-0.12252439558506012,0.5685096383094788,0.622835636138916,-0.09621559083461761,0.6095443367958069,0.6144536137580872,-0.07647553831338882,0.6726264953613281,0.7473301887512207,-0.0924471840262413,0.572226345539093,0.7116618752479553,-0.1044258400797844,0.5966743230819702,0.6775693893432617,-0.08675848692655563,0.6299394965171814,0.6741199493408203,-0.07383457571268082,0.11551584303379059,0.6966657042503357,1.2515802438883838e-07,0.18747608363628387,0.6209675073623657,0.009200481697916985,0.27621525526046753,0.5871023535728455,-0.009542812593281269,0.33905211091041565,0.6122661828994751,-0.03341514989733696,0.3720642626285553,0.650254487991333,-0.05726597458124161,0.2984992265701294,0.5171800851821899,-0.04863188415765762,0.3875004053115845,0.49227070808410645,-0.08333754539489746,0.4437773525714874,0.4920656085014343,-0.10264094918966293,0.48423999547958374,0.5001021027565002,-0.11406078934669495,0.2787485718727112,0.5642454028129578,-0.0746498852968216,0.3765104413032532,0.6840155124664307,-0.10931706428527832,0.3395051658153534,0.6938275098800659,-0.10673128813505173,0.3062136173248291,0.661323606967926,-0.10222061723470688,0.2540700435638428,0.6300804018974304,-0.09844248741865158,0.34086427092552185,0.7454524636268616,-0.1237439513206482,0.30081966519355774,0.7369884848594666,-0.1044616848230362,0.27337005734443665,0.7003287672996521,-0.08967180550098419,0.22792093455791473,0.7001156806945801,-0.12188146263360977,0.3054260015487671,0.7825714349746704,-0.1262187361717224,0.27699679136276245,0.7732322216033936,-0.10213812440633774,0.24615409970283508,0.740227997303009,-0.08458000421524048,Q
0.783496081829071,0.6034169793128967,4.089052083600109e-07,0.7333002686500549,0.49840599298477173,-0.03413162752985954,0.6252522468566895,0.45486128330230713,-0.05811687186360359,0.5361881852149963,0.466854065656662,-0.06964066624641418,0.47508078813552856,0.4853370487689972,-0.08118484914302826,0.6508932113647461,0.49803829193115234,-0.11590970307588577,0.527421772480011,0.5254514217376709,-0.1468454748392105,0.4637497067451477,0.5178859829902649,-0.15285493433475494,0.4219813346862793,0.5125906467437744,-0.15339717268943787,0.66041100025177,0.6004401445388794,-0.10957501083612442,0.5122316479682922,0.6016027927398682,-0.14168280363082886,0.5352540016174316,0.5618510842323303,-0.1329887956380844,0.5865355730056763,0.5451110601425171,-0.12228532135486603,0.6681451797485352,0.6817929744720459,-0.0992722362279892,0.5420177578926086,0.6615437865257263,-0.1198018416762352,0.5699077248573303,0.6249511241912842,-0.09476155787706375,0.6109586954116821,0.6161015629768372,-0.07588842511177063,0.6719324588775635,0.7468506097793579,-0.09055475890636444,0.5723285675048828,0.712263822555542,-0.10255420953035355,0.5969107747077942,0.6789983510971069,-0.08536157757043839,0.6304677724838257,0.6750706434249878,-0.0727338194847107,0.11586792767047882,0.696380615234375,1.2522650649771094e-07,0.1877649426460266,0.6204109787940979,0.009738274849951267,0.27647900581359863,0.5862026810646057,-0.008787392638623714,0.3390366733074188,0.6110700964927673,-0.0325675830245018,0.3717596232891083,0.6499601602554321,-0.05640088766813278,0.29868799448013306,0.5171377658843994,-0.04815300926566124,0.3876364827156067,0.49254488945007324,-0.08256284147500992,0.44329172372817993,0.49235856533050537,-0.10145478695631027,0.4836791455745697,0.5008503198623657,-0.11262379586696625,0.27900728583335876,0.5642185211181641,-0.07440493255853653,0.37714508175849915,0.684598445892334,-0.10893204808235168,0.3395995497703552,0.6937991976737976,-0.1059325709939003,0.3062300980091095,0.660996675491333,-0.10104550421237946,0.2542426884174347,0.6300126910209656,-0.09839049726724625,0.3411023020744324,0.7458618879318237,-0.12359533458948135,0.30079519748687744,0.7368385791778564,-0.10422356426715851,0.27333083748817444,0.699889600276947,-0.08933845907449722,0.22795796394348145,0.6999465823173523,-0.12197066098451614,0.30515459179878235,0.7827709317207336,-0.12624476850032806,0.2765074074268341,0.7730686068534851,-0.10219792276620865,0.24568405747413635,0.7397817373275757,-0.08468440175056458,Q
0.7830439209938049,0.6035028696060181,4.2749354633997427e-07,0.7330232262611389,0.4983346462249756,-0.03371899202466011,0.6263324022293091,0.45362427830696106,-0.05950161814689636,0.538435697555542,0.4654873013496399,-0.07305916398763657,0.47768598794937134,0.4841156303882599,-0.08641472458839417,0.6531292796134949,0.5003963708877563,-0.11959070712327957,0.5246305465698242,0.5285983085632324,-0.15219420194625854,0.46404707431793213,0.5186667442321777,-0.1584654599428177,0.42891114950180054,0.5105487704277039,-0.15837332606315613,0.6628711223602295,0.6027787327766418,-0.11338246613740921,0.5122032165527344,0.602745532989502,-0.1462671309709549,0.5340058207511902,0.5630571246147156,-0.1369369477033615,0.5860582590103149,0.5466378331184387,-0.12570206820964813,0.6701324582099915,0.6829714775085449,-0.10308896005153656,0.5420300960540771,0.6599990725517273,-0.1236962378025055,0.5683410167694092,0.6231922507286072,-0.09800954163074493,0.6093441247940063,0.6145049333572388,-0.0786864161491394,0.6728507280349731,0.7458826303482056,-0.09426489472389221,0.5715065598487854,0.7090591192245483,-0.10627079010009766,0.5952163934707642,0.6757551431655884,-0.08870042115449905,0.6284065246582031,0.6720138788223267,-0.07570893317461014,0.11734525859355927,0.692954421043396,1.3279409927235974e-07,0.19009041786193848,0.6195731163024902,0.009427922777831554,0.27873408794403076,0.5879698395729065,-0.01007076632231474,0.3413017988204956,0.614467978477478,-0.03494145721197128,0.3738352060317993,0.6530846953392029,-0.05995306372642517,0.29995614290237427,0.5157386064529419,-0.04935947433114052,0.3888992667198181,0.4923640191555023,-0.08513561636209488,0.4453672766685486,0.49224454164505005,-0.10521452873945236,0.4872623085975647,0.5000298023223877,-0.11721033602952957,0.27974140644073486,0.5618076920509338,-0.07613058388233185,0.37717050313949585,0.683996319770813,-0.11197850108146667,0.3389236629009247,0.6929762959480286,-0.10945659875869751,0.30575862526893616,0.6594727635383606,-0.1049015149474144,0.2543933689594269,0.6271242499351501,-0.10071597993373871,0.34108471870422363,0.7448078989982605,-0.12717479467391968,0.30017638206481934,0.7356878519058228,-0.10765483230352402,0.27298665046691895,0.6983047723770142,-0.09257785230875015,0.2280082106590271,0.6969842910766602,-0.12493588775396347,0.3054869771003723,0.7809223532676697,-0.13000096380710602,0.27642202377319336,0.7713198065757751,-0.10583454370498657,0.24596992135047913,0.7375807166099548,-0.08826964348554611,Q
0.7830380797386169,0.6020448207855225,4.2419918599989614e-07,0.7324130535125732,0.49720367789268494,-0.033564671874046326,0.6252930164337158,0.45310908555984497,-0.05901091545820236,0.5368396639823914,0.46555089950561523,-0.0721796303987503,0.4768831729888916,0.48652398586273193,-0.08537030965089798,0.6533843278884888,0.4995577931404114,-0.11737401783466339,0.5304746031761169,0.5255422592163086,-0.14922863245010376,0.4674723744392395,0.519408643245697,-0.15564504265785217,0.42764315009117126,0.5163460373878479,-0.15618756413459778,0.6633308529853821,0.6013146042823792,-0.11158782243728638,0.5124691724777222,0.602165699005127,-0.14467871189117432,0.5340441465377808,0.5626204013824463,-0.13604681193828583,0.5858877301216125,0.5461722016334534,-0.12503190338611603,0.6707491278648376,0.6816456317901611,-0.10161130875349045,0.5421972870826721,0.6600229740142822,-0.12301254272460938,0.5685076117515564,0.6229385137557983,-0.0975751057267189,0.6098610758781433,0.6137455105781555,-0.07796214520931244,0.6738137006759644,0.7448726892471313,-0.09302639961242676,0.5715541243553162,0.7100859880447388,-0.10527452081441879,0.5953699946403503,0.6761276125907898,-0.08729658275842667,0.629414975643158,0.6715894341468811,-0.07386132329702377,0.11744894087314606,0.6937322616577148,1.2498895785029163e-07,0.18985308706760406,0.6191186904907227,0.00931240152567625,0.27829915285110474,0.5877760648727417,-0.00999983586370945,0.3412765562534332,0.614695131778717,-0.03422209620475769,0.374090313911438,0.6526409983634949,-0.0584951713681221,0.2999054491519928,0.5162084698677063,-0.05219646543264389,0.3902948796749115,0.49230635166168213,-0.08868346363306046,0.4477136731147766,0.49195578694343567,-0.10926923155784607,0.4902075529098511,0.4995831549167633,-0.12137822061777115,0.27980104088783264,0.5631940364837646,-0.07876869291067123,0.37691399455070496,0.683893620967865,-0.11370810121297836,0.33883488178253174,0.6924768090248108,-0.11055442690849304,0.305523157119751,0.6589266061782837,-0.10595746338367462,0.25474852323532104,0.6289271712303162,-0.10308754444122314,0.342032790184021,0.7453756332397461,-0.12898099422454834,0.30138105154037476,0.7361651659011841,-0.1092982366681099,0.27381470799446106,0.6989936232566833,-0.09434331953525543,0.2285529524087906,0.6991982460021973,-0.12702135741710663,0.30639874935150146,0.7817612886428833,-0.13144490122795105,0.2778860330581665,0.7720990180969238,-0.10680856555700302,0.24672165513038635,0.7388603091239929,-0.0890125259757042,Q
0.781084418296814,0.6024059057235718,4.2297384084122314e-07,0.7318882346153259,0.49842461943626404,-0.033607788383960724,0.6257242560386658,0.4541710913181305,-0.05974137783050537,0.5373145937919617,0.4661477506160736,-0.07371442764997482,0.4759060740470886,0.4837694764137268,-0.08749263733625412,0.6527814865112305,0.49906980991363525,-0.12147745490074158,0.51971834897995,0.5267394185066223,-0.1533314436674118,0.4603574573993683,0.5172191262245178,-0.15804250538349152,0.4266713857650757,0.5095404386520386,-0.15685921907424927,0.6629154086112976,0.6011499762535095,-0.11509282141923904,0.5113171339035034,0.6023438572883606,-0.14655235409736633,0.5333966016769409,0.5631721615791321,-0.13564415276050568,0.5851812362670898,0.5466144680976868,-0.12387599050998688,0.6707695722579956,0.6814714074134827,-0.10458631813526154,0.5420117378234863,0.6593680381774902,-0.1235511302947998,0.5689079165458679,0.6235767602920532,-0.09683478623628616,0.6099873781204224,0.615067720413208,-0.07751742750406265,0.6736875772476196,0.7448856234550476,-0.09560499340295792,0.5726761817932129,0.7091534733772278,-0.10648980736732483,0.5960394144058228,0.6767993569374084,-0.08880610764026642,0.628539502620697,0.6735475063323975,-0.07618226110935211,0.11578932404518127,0.6941906213760376,1.0578244769021694e-07,0.18951189517974854,0.6187154650688171,0.01074868906289339,0.2800203561782837,0.5883949995040894,-0.008596312254667282,0.3431243598461151,0.6190374493598938,-0.03354697301983833,0.37535202503204346,0.6614651083946228,-0.058787208050489426,0.2995518445968628,0.5157679915428162,-0.0484832264482975,0.38649290800094604,0.49294036626815796,-0.08291111141443253,0.440840482711792,0.49067872762680054,-0.10255317389965057,0.48184454441070557,0.4956398010253906,-0.11483080685138702,0.2790123522281647,0.5630342960357666,-0.07610693573951721,0.3762199580669403,0.6828177571296692,-0.11124414205551147,0.3380230963230133,0.6917942762374878,-0.10897932946681976,0.3045347034931183,0.6589868068695068,-0.10501043498516083,0.25338518619537354,0.6292964816093445,-0.10128644853830338,0.3418974280357361,0.7447828054428101,-0.12730617821216583,0.30129557847976685,0.7359592914581299,-0.10777676105499268,0.2733134627342224,0.6995193362236023,-0.0929134339094162,0.22689948976039886,0.6996116042137146,-0.1259678304195404,0.30694761872291565,0.7816059589385986,-0.13079549372196198,0.27796778082847595,0.7718071937561035,-0.10660398751497269,0.2468920797109604,0.7390232086181641,-0.0892532467842102,Q
0.7815490961074829,0.5999628901481628,4.036864424961095e-07,0.7332475781440735,0.4954198896884918,-0.03493776172399521,0.6265871524810791,0.4521166682243347,-0.06079905107617378,0.5384635925292969,0.46398353576660156,-0.07441934198141098,0.47675707936286926,0.4836501181125641,-0.08773941546678543,0.6529457569122314,0.49792447686195374,-0.11905593425035477,0.5236921906471252,0.5267553329467773,-0.15076382458209991,0.46464240550994873,0.5189886093139648,-0.15584678947925568,0.43110424280166626,0.5134389400482178,-0.15493246912956238,0.662706196308136,0.5998727679252625,-0.11230702698230743,0.5115121603012085,0.6033257842063904,-0.1439204216003418,0.5339457988739014,0.5638721585273743,-0.13365113735198975,0.5862265229225159,0.5472751259803772,-0.12198024988174438,0.6698750257492065,0.6805962920188904,-0.1018165722489357,0.5417048931121826,0.6592350006103516,-0.12220363318920135,0.5696711540222168,0.6235834956169128,-0.0963674858212471,0.6110185980796814,0.6156818866729736,-0.07699380069971085,0.6718746423721313,0.7442934513092041,-0.09292054176330566,0.5707005858421326,0.7081032395362854,-0.10541675239801407,0.5953055620193481,0.6760115027427673,-0.08838364481925964,0.6287955641746521,0.6734912395477295,-0.0758315771818161,0.11837267875671387,0.6937857270240784,1.3503172624496074e-07,0.1910272091627121,0.619169294834137,0.010069932788610458,0.2805154621601105,0.5870649814605713,-0.00948240701109171,0.34257972240448,0.6146419644355774,-0.03452718257904053,0.3741229176521301,0.6547278165817261,-0.059750527143478394,0.29867181181907654,0.5147056579589844,-0.0487208254635334,0.38591963052749634,0.4912530481815338,-0.08314076066017151,0.4399663805961609,0.4891897439956665,-0.1021180972456932,0.4801742732524872,0.49611663818359375,-0.11361514776945114,0.2771654725074768,0.5613672733306885,-0.0756993368268013,0.37866175174713135,0.6833575963973999,-0.11158870160579681,0.3404640555381775,0.6919766068458557,-0.10870242863893509,0.3060500919818878,0.6595974564552307,-0.10368935018777847,0.25153443217277527,0.6268894672393799,-0.10032869875431061,0.34225061535835266,0.7437241077423096,-0.12636369466781616,0.3014327585697174,0.734218180179596,-0.10634122043848038,0.27335110306739807,0.697689950466156,-0.09090005606412888,0.22549813985824585,0.6969085335731506,-0.1245049312710762,0.30653536319732666,0.7788993716239929,-0.1291865110397339,0.27701056003570557,0.7685520648956299,-0.10480861365795135,0.2459029108285904,0.7350500226020813,-0.08729676157236099,Q
0.7801909446716309,0.5994682312011719,4.3712657316063996e-07,0.7298064827919006,0.49697065353393555,-0.0335799939930439,0.6238272786140442,0.45119255781173706,-0.058772843331098557,0.5367614030838013,0.46313729882240295,-0.07170233130455017,0.4759436845779419,0.47900041937828064,-0.0843762531876564,0.6481211185455322,0.4979739189147949,-0.1188061535358429,0.5186025500297546,0.525631844997406,-0.1485494077205658,0.4572255611419678,0.517098069190979,-0.15259474515914917,0.4198519289493561,0.5109993815422058,-0.15147145092487335,0.6593082547187805,0.5998297929763794,-0.11198888719081879,0.509760320186615,0.6018401980400085,-0.14170797169208527,0.5312842130661011,0.5617792010307312,-0.13062389194965363,0.5820214152336121,0.5445967316627502,-0.1188943088054657,0.6677202582359314,0.6792764067649841,-0.10102930665016174,0.5398320555686951,0.6572006344795227,-0.11888015270233154,0.5666688084602356,0.6214898228645325,-0.09243147820234299,0.6068863272666931,0.6131227016448975,-0.07346399128437042,0.6711962223052979,0.7424688935279846,-0.0916735976934433,0.5713181495666504,0.7046008110046387,-0.10231607407331467,0.5950775742530823,0.6729662418365479,-0.08507490158081055,0.6271435022354126,0.6705251932144165,-0.07275290787220001,0.1177327036857605,0.6949577331542969,1.218221967747013e-07,0.1893702745437622,0.6188696622848511,0.00998012162744999,0.2772828936576843,0.5831523537635803,-0.007767056114971638,0.33891794085502625,0.6049168705940247,-0.03054683282971382,0.37101781368255615,0.6389304995536804,-0.053440872579813004,0.2989000380039215,0.5162477493286133,-0.04862326756119728,0.38628101348876953,0.49238312244415283,-0.08294285833835602,0.4408702254295349,0.489263653755188,-0.10166915506124496,0.4807460606098175,0.49480098485946655,-0.11259289085865021,0.27822160720825195,0.5632342100143433,-0.07481791079044342,0.37845659255981445,0.6832209825515747,-0.10841824114322662,0.34121081233024597,0.6924859881401062,-0.10455264151096344,0.3072328269481659,0.6608909368515015,-0.09925894439220428,0.2529797852039337,0.6288920640945435,-0.09882783144712448,0.34207940101623535,0.7438514828681946,-0.123959980905056,0.3017818033695221,0.7347800135612488,-0.10480152070522308,0.273976594209671,0.6985944509506226,-0.09008108079433441,0.22683294117450714,0.6992465257644653,-0.12233024090528488,0.3057175874710083,0.7807402610778809,-0.12648101150989532,0.276783287525177,0.7706411480903625,-0.10247621685266495,0.24510368704795837,0.7377616763114929,-0.08516702055931091,Q
0.7812718152999878,0.6009575724601746,3.930445302557928e-07,0.7313939332962036,0.49836161732673645,-0.032181911170482635,0.6269181966781616,0.451383113861084,-0.05740533396601677,0.5397733449935913,0.4610905349254608,-0.07107536494731903,0.4798418879508972,0.4819152057170868,-0.08440438657999039,0.6514609456062317,0.49742335081100464,-0.11590338498353958,0.5228255391120911,0.527614176273346,-0.14708803594112396,0.4660108983516693,0.524078369140625,-0.1523585170507431,0.43511199951171875,0.5226979851722717,-0.1515011340379715,0.6615381240844727,0.5995171070098877,-0.10995791107416153,0.513144314289093,0.6024037003517151,-0.14036941528320312,0.5335173606872559,0.5627397298812866,-0.13066422939300537,0.58355712890625,0.5452829003334045,-0.11993233114480972,0.6689387559890747,0.679656982421875,-0.10002882778644562,0.5428540706634521,0.6585773229598999,-0.1181507408618927,0.5683273077011108,0.6234934329986572,-0.09245146811008453,0.6083018183708191,0.6148070096969604,-0.0740523636341095,0.671506941318512,0.7430852055549622,-0.09162382781505585,0.5724679827690125,0.7060002088546753,-0.10202308744192123,0.5955687165260315,0.6742190718650818,-0.08467282354831696,0.6275796294212341,0.6711369156837463,-0.07226282358169556,0.11814859509468079,0.6933814287185669,1.3304574508765654e-07,0.19091074168682098,0.618104875087738,0.009469820186495781,0.2804360091686249,0.5842584371566772,-0.00890765804797411,0.3418843448162079,0.6088955402374268,-0.03236529976129532,0.3723974823951721,0.6465511322021484,-0.05596575886011124,0.30016475915908813,0.5146996974945068,-0.048447173088788986,0.38706305623054504,0.4923129081726074,-0.08302180469036102,0.4416421055793762,0.4905366897583008,-0.10230910032987595,0.4822840690612793,0.4969087541103363,-0.11394497752189636,0.2791656255722046,0.5622943043708801,-0.07498744875192642,0.3791266083717346,0.6839438080787659,-0.10988588631153107,0.34146422147750854,0.6920841932296753,-0.1069488376379013,0.3068256080150604,0.6595469117164612,-0.10216508060693741,0.25315916538238525,0.6282596588134766,-0.09941035509109497,0.34220999479293823,0.7449302673339844,-0.1252768188714981,0.3020256757736206,0.7350243926048279,-0.10640318691730499,0.274343341588974,0.6980681419372559,-0.09176445007324219,0.22622233629226685,0.6986945271492004,-0.12343122065067291,0.30547890067100525,0.781185507774353,-0.12789058685302734,0.27676743268966675,0.7703380584716797,-0.10416661947965622,0.24572861194610596,0.7365507483482361,-0.08716114610433578,Q
0.7781774997711182,0.5986570119857788,4.259210300006089e-07,0.7273315787315369,0.4978305995464325,-0.031868863850831985,0.6224259734153748,0.45313894748687744,-0.05768735706806183,0.5354328155517578,0.46489179134368896,-0.07170483469963074,0.4752606451511383,0.4803186058998108,-0.08556932210922241,0.6471378207206726,0.4956396222114563,-0.1207498088479042,0.5147727727890015,0.5267810821533203,-0.1513284295797348,0.4568202495574951,0.5202764272689819,-0.15571364760398865,0.42475324869155884,0.5154220461845398,-0.1544458568096161,0.6583530306816101,0.5978103876113892,-0.11451704800128937,0.510921835899353,0.6003227233886719,-0.14364828169345856,0.5299822688102722,0.5605340600013733,-0.13246209919452667,0.5792393684387207,0.5431667566299438,-0.12149626761674881,0.6668142080307007,0.677397608757019,-0.10390765219926834,0.539159893989563,0.6560704112052917,-0.12020821124315262,0.5631016492843628,0.6199460625648499,-0.0937451645731926,0.6028037667274475,0.6104915142059326,-0.07568612694740295,0.6699615120887756,0.7405608892440796,-0.09477994590997696,0.5700497627258301,0.7033519744873047,-0.10448134690523148,0.5911099314689636,0.6710396409034729,-0.087408646941185,0.6219354271888733,0.6671006083488464,-0.07555031031370163,0.117902010679245,0.6941866278648376,1.4373773637998966e-07,0.18992501497268677,0.6183277368545532,0.009533223696053028,0.27912765741348267,0.5861229300498962,-0.01044071838259697,0.3418235778808594,0.6127504706382751,-0.0355607345700264,0.372723788022995,0.6508626341819763,-0.06100013107061386,0.29986023902893066,0.5148118734359741,-0.05160989984869957,0.3885689973831177,0.4926448464393616,-0.0874910056591034,0.44473516941070557,0.49180787801742554,-0.10738760977983475,0.4860377311706543,0.4992159605026245,-0.11917328089475632,0.27842605113983154,0.5621331930160522,-0.07848715037107468,0.37743374705314636,0.6831071972846985,-0.11362349987030029,0.33936724066734314,0.6928838491439819,-0.11001519113779068,0.3057764768600464,0.6610838770866394,-0.10495121031999588,0.2524387240409851,0.628325343132019,-0.1031154915690422,0.34165558218955994,0.7444095015525818,-0.1293865144252777,0.3009328544139862,0.7358375787734985,-0.10938014835119247,0.27308890223503113,0.6999715566635132,-0.09404128789901733,0.2257295846939087,0.6991010904312134,-0.1272994428873062,0.30562707781791687,0.7810673117637634,-0.13192883133888245,0.27673158049583435,0.7715354561805725,-0.10720624029636383,0.24524793028831482,0.738982081413269,-0.08945222198963165,Q
0.7787875533103943,0.6038829684257507,3.9994696976464184e-07,0.7297050952911377,0.4997434616088867,-0.03167837858200073,0.6248476505279541,0.45533061027526855,-0.05596322566270828,0.5369484424591064,0.4662421941757202,-0.06842587888240814,0.475790798664093,0.4836401343345642,-0.08091828972101212,0.6485568881034851,0.49713602662086487,-0.1165592223405838,0.5217710733413696,0.5258067846298218,-0.14554345607757568,0.4616541266441345,0.5210999846458435,-0.14991891384124756,0.42539823055267334,0.5199540853500366,-0.14938637614250183,0.657986581325531,0.5986967086791992,-0.11055443435907364,0.510815441608429,0.60237056016922,-0.13871440291404724,0.5296726226806641,0.5623095035552979,-0.12824583053588867,0.5781997442245483,0.5459848642349243,-0.11783670634031296,0.6656700372695923,0.6784606575965881,-0.10019917041063309,0.5382962822914124,0.6578775644302368,-0.11708340048789978,0.5628960132598877,0.6213576197624207,-0.09122228622436523,0.6025757193565369,0.6130594611167908,-0.07329794764518738,0.6688387989997864,0.7412303686141968,-0.09124648571014404,0.569148600101471,0.7049258947372437,-0.10178610682487488,0.5907320380210876,0.6726817488670349,-0.08478280901908875,0.6222444176673889,0.6698017120361328,-0.07287368178367615,0.11541706323623657,0.69572913646698,1.1217292694709613e-07,0.18786686658859253,0.6192611455917358,0.009375317022204399,0.277477502822876,0.5865264534950256,-0.010231264866888523,0.33970463275909424,0.6131484508514404,-0.03496252000331879,0.3722741901874542,0.6511241793632507,-0.060089439153671265,0.29788804054260254,0.5159589052200317,-0.05100053548812866,0.38692015409469604,0.4944908916950226,-0.08593587577342987,0.44242173433303833,0.4908369183540344,-0.1061527356505394,0.4836641848087311,0.4929608106613159,-0.11887770891189575,0.2767411172389984,0.5630452036857605,-0.07762525230646133,0.3735288381576538,0.6830241680145264,-0.11293477565050125,0.33537209033966064,0.692726194858551,-0.11068560928106308,0.30136018991470337,0.6601022481918335,-0.10696929693222046,0.2508601248264313,0.6295979619026184,-0.10175929218530655,0.33994874358177185,0.7444116473197937,-0.12806275486946106,0.29942506551742554,0.7368003129959106,-0.10816410183906555,0.2710005044937134,0.701326310634613,-0.09310142695903778,0.22430174052715302,0.7003151178359985,-0.1254836469888687,0.30498433113098145,0.7812274098396301,-0.13066478073596954,0.27617472410202026,0.7721855640411377,-0.10610717535018921,0.2445625364780426,0.7408411502838135,-0.08841288834810257,Q
0.7785806655883789,0.602189302444458,3.549869234120706e-07,0.7289774417877197,0.4982704520225525,-0.029244258999824524,0.6248857378959656,0.4549415707588196,-0.05308002606034279,0.538398027420044,0.46543413400650024,-0.06604235619306564,0.47711992263793945,0.4807594418525696,-0.07906996458768845,0.6485632061958313,0.49335089325904846,-0.11213649809360504,0.5248388051986694,0.5256966948509216,-0.14270688593387604,0.46692872047424316,0.5271333456039429,-0.14885880053043365,0.4348834455013275,0.5324447154998779,-0.14903013408184052,0.6584123373031616,0.5950201749801636,-0.10782178491353989,0.5118693113327026,0.6007403135299683,-0.13723072409629822,0.5305507779121399,0.5618518590927124,-0.1285080760717392,0.5795866250991821,0.5463773608207703,-0.11903733015060425,0.6660093665122986,0.6753424406051636,-0.09927085041999817,0.5386466979980469,0.6578895449638367,-0.11741098016500473,0.5629313588142395,0.6225506663322449,-0.09243813902139664,0.6030391454696655,0.6143754720687866,-0.07461182773113251,0.6689323782920837,0.7397637963294983,-0.09187927097082138,0.5676349997520447,0.7065104842185974,-0.10281088948249817,0.5894286036491394,0.6747534275054932,-0.08547977358102798,0.6217273473739624,0.6711778044700623,-0.07305341213941574,0.11553961038589478,0.6952414512634277,1.2382844261082937e-07,0.18865960836410522,0.6192371845245361,0.009523731656372547,0.27814561128616333,0.5860556364059448,-0.010126402601599693,0.33950626850128174,0.6125711798667908,-0.03510633111000061,0.37067481875419617,0.6522506475448608,-0.06045159697532654,0.29789960384368896,0.5142406225204468,-0.049453675746917725,0.3858281672000885,0.49444520473480225,-0.08380740880966187,0.4396060109138489,0.49090301990509033,-0.10364852100610733,0.480575829744339,0.49358612298965454,-0.11633261293172836,0.2764045298099518,0.561468243598938,-0.07629354298114777,0.37450218200683594,0.682917594909668,-0.11190902441740036,0.33620789647102356,0.6920465230941772,-0.10979156941175461,0.30232393741607666,0.6600625514984131,-0.105955109000206,0.2502959668636322,0.6279405951499939,-0.10070823132991791,0.3397863507270813,0.743602991104126,-0.12687832117080688,0.2990161180496216,0.7349454760551453,-0.10720908641815186,0.27072829008102417,0.6992666721343994,-0.09224936366081238,0.22371092438697815,0.6985921859741211,-0.12478075176477432,0.3045084476470947,0.7805082201957703,-0.12992146611213684,0.2757526636123657,0.7709750533103943,-0.10592897981405258,0.24478651583194733,0.7390733361244202,-0.08870485424995422,Q
0.7750856876373291,0.6011447310447693,3.601206515213562e-07,0.7245587110519409,0.496813029050827,-0.028125924989581108,0.6188871264457703,0.4537660479545593,-0.05041046440601349,0.532030463218689,0.46529707312583923,-0.0626402422785759,0.4721970558166504,0.48399055004119873,-0.07498440891504288,0.644010603427887,0.4986303746700287,-0.10461790859699249,0.5221496224403381,0.5302574038505554,-0.13474006950855255,0.4657421112060547,0.5294945240020752,-0.14171262085437775,0.43680617213249207,0.531019926071167,-0.14234356582164764,0.6545835733413696,0.6006295680999756,-0.10097163170576096,0.5117623209953308,0.603866457939148,-0.13153406977653503,0.5318959951400757,0.5658406019210815,-0.1250118464231491,0.5828203558921814,0.5511376261711121,-0.11624035984277725,0.6635712385177612,0.6800825595855713,-0.09331464022397995,0.5403705835342407,0.6616137027740479,-0.11246220767498016,0.5646387338638306,0.6269952654838562,-0.08898891508579254,0.6054509878158569,0.619268000125885,-0.0714549794793129,0.6681496500968933,0.7430905699729919,-0.08673073351383209,0.569455623626709,0.7102096080780029,-0.09773615747690201,0.591831386089325,0.6789500117301941,-0.08044450730085373,0.6246293187141418,0.6752637624740601,-0.06765227019786835,0.11574813723564148,0.6923567652702332,1.2492971279698395e-07,0.1890346109867096,0.6185194253921509,0.008657766506075859,0.27879589796066284,0.5865363478660583,-0.010818547569215298,0.339743971824646,0.6133177876472473,-0.035528164356946945,0.36997300386428833,0.6532713770866394,-0.0605292022228241,0.297274649143219,0.5145134329795837,-0.049523577094078064,0.38531848788261414,0.49290454387664795,-0.08400429785251617,0.43936046957969666,0.4900006651878357,-0.10387641936540604,0.48015230894088745,0.49397212266921997,-0.11638891696929932,0.2763199508190155,0.5625947713851929,-0.07614731043577194,0.37426307797431946,0.6818773746490479,-0.11174699664115906,0.3361362814903259,0.6908368468284607,-0.1100044995546341,0.30212071537971497,0.6591815948486328,-0.10631833970546722,0.2505817413330078,0.6298905611038208,-0.1004428043961525,0.3399679660797119,0.743471086025238,-0.1267690807580948,0.29911890625953674,0.7350113391876221,-0.10733874887228012,0.27069091796875,0.6999459266662598,-0.09236522763967514,0.22418400645256042,0.7012777924537659,-0.12446422129869461,0.3051183223724365,0.7810438275337219,-0.1296961009502411,0.2763215899467468,0.7714357376098633,-0.10540612041950226,0.24481713771820068,0.7405703067779541,-0.08781768381595612,Q
0.7748426198959351,0.6010090112686157,4.4826435896538896e-07,0.7251371741294861,0.4968235194683075,-0.03448420390486717,0.6185869574546814,0.45239001512527466,-0.05826237052679062,0.5311269760131836,0.47011518478393555,-0.06960774213075638,0.46963754296302795,0.48287656903266907,-0.08076382428407669,0.6416628956794739,0.5007162094116211,-0.11263152956962585,0.5230299234390259,0.5249395370483398,-0.14102157950401306,0.45769456028938293,0.5160351991653442,-0.1459570825099945,0.41263410449028015,0.5094015598297119,-0.14665302634239197,0.652244508266449,0.6030011177062988,-0.10591944307088852,0.5083755254745483,0.6010738015174866,-0.13689088821411133,0.5307765603065491,0.5616741180419922,-0.1284046471118927,0.5807220339775085,0.54587322473526,-0.11794684827327728,0.6606309413909912,0.6815949082374573,-0.09519437700510025,0.5370845794677734,0.6573778986930847,-0.11535962671041489,0.5644025206565857,0.6210241317749023,-0.09025008231401443,0.6047077178955078,0.6134676933288574,-0.07130586355924606,0.6650141477584839,0.743471086025238,-0.08608722686767578,0.5666922926902771,0.7046346664428711,-0.09835140407085419,0.5908764600753784,0.672552764415741,-0.08153396844863892,0.6230567097663879,0.6705771684646606,-0.0690467357635498,0.11613267660140991,0.697426974773407,1.0032844954821485e-07,0.1884404718875885,0.6208652257919312,0.011238573119044304,0.27803632616996765,0.5880588889122009,-0.006764677818864584,0.3392457962036133,0.6145992875099182,-0.03025069087743759,0.3702523410320282,0.6521550416946411,-0.05391107499599457,0.2972356677055359,0.5155023336410522,-0.04646351560950279,0.38314563035964966,0.4947609603404999,-0.07897041738033295,0.43589597940444946,0.4919339418411255,-0.09706651419401169,0.4746530055999756,0.4968276619911194,-0.10827059298753738,0.2763071060180664,0.5633201599121094,-0.07363606244325638,0.3746240735054016,0.6823737621307373,-0.10702265053987503,0.33724266290664673,0.6914486885070801,-0.10385698825120926,0.30313971638679504,0.660224974155426,-0.09934031218290329,0.2507902979850769,0.6300032138824463,-0.09835328906774521,0.341097891330719,0.7433654069900513,-0.12319519370794296,0.3009757995605469,0.7353848218917847,-0.10356421023607254,0.27240678668022156,0.7006879448890686,-0.0886651873588562,0.2243276834487915,0.7009282112121582,-0.12248934060335159,0.30567529797554016,0.7813816666603088,-0.12651392817497253,0.2775335907936096,0.7723301649093628,-0.10221300274133682,0.24622277915477753,0.741333544254303,-0.0848841443657875,Q
0.7767232656478882,0.6032536625862122,4.3225483636888384e-07,0.7267699837684631,0.49768543243408203,-0.035685352981090546,0.619327187538147,0.4541691243648529,-0.059875041246414185,0.5310718417167664,0.4689796268939972,-0.07141710817813873,0.46950456500053406,0.48085516691207886,-0.08270271122455597,0.6439397931098938,0.49962425231933594,-0.11408018320798874,0.5253084301948547,0.5236477851867676,-0.1429266631603241,0.46058619022369385,0.5186939835548401,-0.14767546951770782,0.4152759909629822,0.5166159272193909,-0.14825975894927979,0.6538315415382385,0.6024077534675598,-0.10679959505796432,0.5086654424667358,0.6008577942848206,-0.13874930143356323,0.5315285921096802,0.5600879192352295,-0.1302064210176468,0.581329345703125,0.5426089763641357,-0.1194012239575386,0.661576509475708,0.6824268102645874,-0.09560161828994751,0.5368871092796326,0.6579259634017944,-0.11642321199178696,0.5650161504745483,0.6204869747161865,-0.09140601754188538,0.6054912805557251,0.6118960976600647,-0.07228703796863556,0.665205180644989,0.7453015446662903,-0.08614204823970795,0.567001223564148,0.7058161497116089,-0.09870615601539612,0.5916125774383545,0.6729990243911743,-0.0822981521487236,0.6240102052688599,0.670327365398407,-0.07007864117622375,0.11491936445236206,0.6948276162147522,1.1172327418762507e-07,0.18885619938373566,0.6213139295578003,0.010211770422756672,0.2790309190750122,0.5881290435791016,-0.007649092003703117,0.3396666944026947,0.6146910190582275,-0.03125375881791115,0.36968618631362915,0.6537899374961853,-0.05501689016819,0.2965936064720154,0.515692412853241,-0.04261671379208565,0.3792637586593628,0.4943440556526184,-0.07483084499835968,0.4312083125114441,0.49026769399642944,-0.09342709183692932,0.47003453969955444,0.49445387721061707,-0.10521623492240906,0.27606433629989624,0.5627806782722473,-0.06957226991653442,0.3744893968105316,0.6832104921340942,-0.10412103682756424,0.3367902338504791,0.6919327974319458,-0.10274982452392578,0.3023712635040283,0.6603395342826843,-0.09887941181659698,0.25027528405189514,0.6291237473487854,-0.09436526149511337,0.3402177095413208,0.7446647882461548,-0.12026022374629974,0.29978591203689575,0.7358061671257019,-0.1021922156214714,0.27148008346557617,0.700250506401062,-0.08780885487794876,0.22342145442962646,0.699830949306488,-0.11871844530105591,0.30432090163230896,0.7817322611808777,-0.12405551224946976,0.2756703197956085,0.7717590928077698,-0.10113491117954254,0.2447873055934906,0.7399551868438721,-0.08440490812063217,Q
0.7769225835800171,0.602759599685669,4.215836781895632e-07,0.7277380228042603,0.4979649782180786,-0.03448193147778511,0.6193914413452148,0.45051729679107666,-0.0587017647922039,0.5317487716674805,0.46592313051223755,-0.07037246227264404,0.4722158908843994,0.4826708137989044,-0.08207102119922638,0.6438433527946472,0.49428820610046387,-0.11592687666416168,0.521844744682312,0.5194525122642517,-0.14557841420173645,0.45456641912460327,0.5144870281219482,-0.15102170407772064,0.40809130668640137,0.512790322303772,-0.1518990695476532,0.6553936004638672,0.5971997976303101,-0.10986442118883133,0.5064978003501892,0.6011845469474792,-0.14152924716472626,0.5297386646270752,0.5622747540473938,-0.13227303326129913,0.5811744332313538,0.5456683039665222,-0.12121172994375229,0.6641395092010498,0.6778217554092407,-0.09973543137311935,0.5372695326805115,0.6571353077888489,-0.12092215567827225,0.5669505596160889,0.6215685606002808,-0.09504931420087814,0.6083893775939941,0.6137904524803162,-0.07534170895814896,0.6685380339622498,0.7418960332870483,-0.09118583798408508,0.567142128944397,0.7043068408966064,-0.1040073111653328,0.5932490229606628,0.6724563837051392,-0.086398646235466,0.627068281173706,0.6701809167861938,-0.07338707149028778,0.11690850555896759,0.6969447731971741,1.4012489657488914e-07,0.1871488392353058,0.622381865978241,0.008954030461609364,0.27496883273124695,0.585979700088501,-0.008897164836525917,0.3368988335132599,0.6075292229652405,-0.03192786127328873,0.3707876205444336,0.6413858532905579,-0.05501362308859825,0.29561877250671387,0.51529461145401,-0.04491809010505676,0.3810533881187439,0.49321937561035156,-0.07796864211559296,0.4339456260204315,0.49038165807724,-0.09624041616916656,0.4732804298400879,0.49603134393692017,-0.10745768994092941,0.27615249156951904,0.5609296560287476,-0.07061434537172318,0.3775055408477783,0.681525707244873,-0.10617045313119888,0.34006890654563904,0.6918281316757202,-0.1042553260922432,0.30562540888786316,0.6601054072380066,-0.09957270324230194,0.2512842118740082,0.6265708208084106,-0.09421489387750626,0.3413991630077362,0.7421692609786987,-0.1207430362701416,0.3005087375640869,0.7339079976081848,-0.10221656411886215,0.27203795313835144,0.697218656539917,-0.08730156719684601,0.22486717998981476,0.6969188451766968,-0.11736784130334854,0.30470311641693115,0.7784638404846191,-0.12365714460611343,0.275581955909729,0.7691810727119446,-0.10115271806716919,0.24527427554130554,0.7359781265258789,-0.08446167409420013,Q
0.7793617248535156,0.6001600027084351,3.380386601747887e-07,0.727836549282074,0.495160311460495,-0.02893761545419693,0.6195634603500366,0.4501100778579712,-0.051602814346551895,0.5318065285682678,0.464322030544281,-0.06404484063386917,0.4734131693840027,0.4872521460056305,-0.07639394700527191,0.6479248404502869,0.4952039122581482,-0.10459636151790619,0.526658296585083,0.5265562534332275,-0.135531485080719,0.4726947247982025,0.5233739018440247,-0.14275172352790833,0.44472384452819824,0.5234400629997253,-0.14353470504283905,0.6577728390693665,0.597566545009613,-0.10121399909257889,0.511349618434906,0.5999982357025146,-0.13279005885124207,0.5327023863792419,0.5607686042785645,-0.12676312029361725,0.5845608711242676,0.5458718538284302,-0.11807041615247726,0.66563880443573,0.6776807308197021,-0.09398344904184341,0.5399362444877625,0.6579999327659607,-0.11437678337097168,0.5658888220787048,0.6222789287567139,-0.09089113771915436,0.6073946952819824,0.6140453219413757,-0.07300229370594025,0.6687081456184387,0.740931510925293,-0.08789759129285812,0.5671135783195496,0.7057405710220337,-0.09939783066511154,0.5916447043418884,0.6740612387657166,-0.08183727413415909,0.6260828375816345,0.6704636812210083,-0.06892061978578568,0.1171475350856781,0.6955126523971558,1.3184715896841226e-07,0.1888880431652069,0.6220516562461853,0.009071027860045433,0.27818262577056885,0.5874283313751221,-0.008601399138569832,0.3398084044456482,0.6106703877449036,-0.03161226585507393,0.37169939279556274,0.6469016671180725,-0.05468476191163063,0.2958986461162567,0.5155476927757263,-0.0443926602602005,0.38252493739128113,0.49177736043930054,-0.0768745169043541,0.43587154150009155,0.48877573013305664,-0.09473273903131485,0.47593414783477783,0.4946615993976593,-0.10568363964557648,0.2765803933143616,0.5617138147354126,-0.07029694318771362,0.3770674467086792,0.6807272434234619,-0.10463986545801163,0.3391552269458771,0.6901906728744507,-0.10232029855251312,0.30475467443466187,0.6588996052742004,-0.09768614917993546,0.25184640288352966,0.6273763179779053,-0.09415465593338013,0.3410731852054596,0.7423586845397949,-0.11975780874490738,0.3006678819656372,0.7336875200271606,-0.10163453221321106,0.2729243040084839,0.6975812911987305,-0.08733732998371124,0.22578509151935577,0.6976600885391235,-0.11760592460632324,0.30465129017829895,0.7786166071891785,-0.12279791384935379,0.2756950557231903,0.7686623334884644,-0.10010277479887009,0.24476690590381622,0.7357317209243774,-0.08358422666788101,Q
0.774329662322998,0.6002835631370544,4.263980883933982e-07,0.7248334884643555,0.4982093274593353,-0.03182118758559227,0.6204285025596619,0.4520723521709442,-0.056707713752985,0.5342752933502197,0.4644683003425598,-0.06991451978683472,0.47348642349243164,0.4779336154460907,-0.08284873515367508,0.6417568922042847,0.4932537078857422,-0.117499440908432,0.5097085237503052,0.5233727097511292,-0.1476878821849823,0.45013248920440674,0.5159910917282104,-0.15211032330989838,0.41572949290275574,0.5094484090805054,-0.15104226768016815,0.6528497338294983,0.5968410968780518,-0.11130528897047043,0.5068036913871765,0.5989980697631836,-0.14096187055110931,0.528182327747345,0.5618903040885925,-0.13028773665428162,0.5783296823501587,0.5462245345115662,-0.1192612275481224,0.6618528962135315,0.6769928932189941,-0.10086479783058167,0.536394476890564,0.656318724155426,-0.11784247308969498,0.5620054006576538,0.6225771307945251,-0.09130491316318512,0.6020611524581909,0.6142683625221252,-0.07284857332706451,0.6660016775131226,0.7402710914611816,-0.09192560613155365,0.5676108598709106,0.7036043405532837,-0.10195164382457733,0.5908983945846558,0.6733756065368652,-0.0844305232167244,0.6225122213363647,0.6703086495399475,-0.07204233855009079,0.11755378544330597,0.6960421800613403,1.2253249792593124e-07,0.1897946298122406,0.6219055652618408,0.008812188170850277,0.27859365940093994,0.5869325995445251,-0.009566395543515682,0.34047386050224304,0.6100113391876221,-0.03306347131729126,0.3722798228263855,0.6463144421577454,-0.05653895065188408,0.2965114116668701,0.515666127204895,-0.04722854122519493,0.3823900520801544,0.4913109838962555,-0.0813382938504219,0.4363263249397278,0.48744192719459534,-0.10038957744836807,0.4769570827484131,0.49271664023399353,-0.11188659816980362,0.2766360342502594,0.5616943836212158,-0.07332329452037811,0.3763144314289093,0.6814667582511902,-0.1084093526005745,0.3387429416179657,0.6910303235054016,-0.10618472844362259,0.3049732744693756,0.6600432395935059,-0.10160684585571289,0.2516341805458069,0.6272804141044617,-0.09734075516462326,0.3410300314426422,0.7421811819076538,-0.12390243262052536,0.3008235692977905,0.7338366508483887,-0.10572990030050278,0.2733255624771118,0.6979647278785706,-0.09115693718194962,0.2256300449371338,0.6982198357582092,-0.12093443423509598,0.30577021837234497,0.779119610786438,-0.12658266723155975,0.2775398790836334,0.7697697281837463,-0.10354508459568024,0.24658210575580597,0.7372834086418152,-0.08662120997905731,Q
0.7772975564002991,0.6025040745735168,3.5632353956316365e-07,0.7287565469741821,0.49734821915626526,-0.029542092233896255,0.6232873201370239,0.4498145282268524,-0.05300790071487427,0.5357539057731628,0.46271198987960815,-0.06584566086530685,0.4757266342639923,0.4826071560382843,-0.07849986851215363,0.6466193795204163,0.4963682293891907,-0.10894669592380524,0.5199252963066101,0.527940571308136,-0.1403558850288391,0.4657672047615051,0.5231221914291382,-0.14717893302440643,0.43868082761764526,0.520989179611206,-0.14743664860725403,0.6554506421089172,0.5996354818344116,-0.10463204234838486,0.5095191597938538,0.5988178253173828,-0.13566333055496216,0.5323336124420166,0.5602763295173645,-0.12831003963947296,0.5843469500541687,0.5460121631622314,-0.1190200224518776,0.6632810235023499,0.6794622540473938,-0.09632070362567902,0.5390165448188782,0.6583741903305054,-0.11480564624071121,0.5656164884567261,0.6238756775856018,-0.08982374519109726,0.6071662306785583,0.6163187623023987,-0.07184839248657227,0.6672887802124023,0.7423938512802124,-0.08932711184024811,0.5686382055282593,0.7057981491088867,-0.09981401264667511,0.5930651426315308,0.6751390099525452,-0.08190847188234329,0.6260825991630554,0.6725679636001587,-0.06901758909225464,0.11773170530796051,0.6959184408187866,1.251073626917787e-07,0.18980364501476288,0.6224591732025146,0.009088183753192425,0.2785114347934723,0.5876150131225586,-0.0093701696023345,0.34036779403686523,0.6107978224754333,-0.03315459191799164,0.37225404381752014,0.6474956274032593,-0.056984927505254745,0.2967905104160309,0.5157589912414551,-0.046154968440532684,0.38243550062179565,0.49131035804748535,-0.08023876696825027,0.4366215467453003,0.48767685890197754,-0.09937407821416855,0.47723740339279175,0.4930528700351715,-0.11096028238534927,0.2768743932247162,0.5610184073448181,-0.07237538695335388,0.37598952651023865,0.6813669204711914,-0.10764253884553909,0.33836519718170166,0.6908738613128662,-0.10561910271644592,0.3047274947166443,0.6594009399414062,-0.10116038471460342,0.2517172396183014,0.6261163949966431,-0.09654135257005692,0.3411005139350891,0.7424006462097168,-0.12335596233606339,0.3009738028049469,0.7340594530105591,-0.10528378933668137,0.273678183555603,0.6979166269302368,-0.09076682478189468,0.225619375705719,0.6966400146484375,-0.12025972455739975,0.3055998980998993,0.7786705493927002,-0.12620779871940613,0.2771577835083008,0.7694060802459717,-0.10331470519304276,0.24644361436367035,0.736568033695221,-0.0864640474319458,Q
0.7767711281776428,0.6022468209266663,3.9513679439551197e-07,0.7270022630691528,0.4987330734729767,-0.030429473146796227,0.6203899383544922,0.4539002776145935,-0.05432530865073204,0.5314308404922485,0.4654122591018677,-0.067146435379982,0.4702494144439697,0.4792034327983856,-0.07966413348913193,0.6452038884162903,0.4969293773174286,-0.11338429898023605,0.5144989490509033,0.530363142490387,-0.14487379789352417,0.45899713039398193,0.5203896164894104,-0.15053240954875946,0.4306238889694214,0.5102181434631348,-0.149827778339386,0.6548682451248169,0.5994252562522888,-0.10800374299287796,0.5099282264709473,0.6003677845001221,-0.13853949308395386,0.531124472618103,0.5620161890983582,-0.1291167289018631,0.5818793773651123,0.546085774898529,-0.11869765818119049,0.6631376147270203,0.6788527369499207,-0.09864205121994019,0.5395137071609497,0.6570963263511658,-0.11632551997900009,0.5650378465652466,0.6223662495613098,-0.09066018462181091,0.605536699295044,0.6140421032905579,-0.07253383100032806,0.6673731803894043,0.7416854500770569,-0.09069013595581055,0.5706033706665039,0.7038629055023193,-0.10072673112154007,0.5940873026847839,0.6731571555137634,-0.08328934013843536,0.6260548233985901,0.6703014373779297,-0.07083648443222046,0.11880418658256531,0.6955327391624451,1.1508018360473216e-07,0.19044950604438782,0.6217566728591919,0.01040597539395094,0.2788856327533722,0.5862893462181091,-0.007435944397002459,0.34007230401039124,0.6094985604286194,-0.03083094209432602,0.3723123371601105,0.646836519241333,-0.054464686661958694,0.2969650328159332,0.5157221555709839,-0.04570572078227997,0.3823834955692291,0.4912664294242859,-0.078544981777668,0.43556392192840576,0.4871686100959778,-0.0966755747795105,0.4757622480392456,0.4915519654750824,-0.10795968770980835,0.277103066444397,0.5607202053070068,-0.07241939753293991,0.37672385573387146,0.6805105209350586,-0.10689892619848251,0.3395017087459564,0.6904335618019104,-0.10466663539409637,0.30594703555107117,0.6593010425567627,-0.10046306252479553,0.25218504667282104,0.6259140372276306,-0.09682269394397736,0.3413558006286621,0.7425736784934998,-0.1225321888923645,0.30142179131507874,0.7340518236160278,-0.10433672368526459,0.27419885993003845,0.6979399919509888,-0.09026142209768295,0.2262636125087738,0.6962493658065796,-0.1206921935081482,0.30613821744918823,0.7789169549942017,-0.12613821029663086,0.2773301601409912,0.7691586017608643,-0.1035570353269577,0.2466658502817154,0.7362162470817566,-0.08727741241455078,Q
0.7775869369506836,0.6014541387557983,4.463397260678903e-07,0.729455828666687,0.496614009141922,-0.03368350490927696,0.6221808195114136,0.45000144839286804,-0.05922290310263634,0.5333859324455261,0.4650985598564148,-0.07274375110864639,0.47324877977371216,0.48249372839927673,-0.08616069704294205,0.6469903588294983,0.4968102276325226,-0.11617139726877213,0.5183011293411255,0.523441731929779,-0.14714862406253815,0.4540340006351471,0.5131881237030029,-0.15306277573108673,0.4137806296348572,0.5046791434288025,-0.15354005992412567,0.6573022603988647,0.5992903113365173,-0.11046013236045837,0.506817638874054,0.5980529189109802,-0.14329583942890167,0.5296886563301086,0.5605225563049316,-0.1347106546163559,0.5825567841529846,0.5464999079704285,-0.12375325709581375,0.665612518787384,0.6786836981773376,-0.10057837516069412,0.5377602577209473,0.6553453803062439,-0.1211000457406044,0.5649298429489136,0.6202269196510315,-0.09478531032800674,0.6063798069953918,0.6129093170166016,-0.07498432695865631,0.6697524189949036,0.740841269493103,-0.09225969016551971,0.5690714120864868,0.7024945616722107,-0.1042524203658104,0.5938578248023987,0.6711726784706116,-0.0860082358121872,0.6272029280662537,0.6688763499259949,-0.07249070703983307,0.11868269741535187,0.6934568881988525,1.202167680958155e-07,0.19025619328022003,0.6200925707817078,0.009545523673295975,0.2793654501438141,0.585540235042572,-0.00837450847029686,0.3405674695968628,0.6102558970451355,-0.031755950301885605,0.3724226653575897,0.6488140821456909,-0.05536440387368202,0.2972530126571655,0.5150823593139648,-0.04528026282787323,0.3825242817401886,0.4913073182106018,-0.07802597433328629,0.43572673201560974,0.4872138202190399,-0.09633246809244156,0.47596412897109985,0.4916689395904541,-0.10779121518135071,0.2772163450717926,0.5605747699737549,-0.07161763310432434,0.3766637146472931,0.6806656122207642,-0.1063249483704567,0.3392050266265869,0.6897791028022766,-0.10455069690942764,0.30540522933006287,0.6581968665122986,-0.10056845098733902,0.2521071434020996,0.6260552406311035,-0.09574496001005173,0.3416019380092621,0.7425972819328308,-0.12177206575870514,0.30166733264923096,0.7335463166236877,-0.10380823165178299,0.2743367552757263,0.6972466707229614,-0.08972440659999847,0.2258891761302948,0.6964199542999268,-0.11942023783922195,0.30641528964042664,0.7785994410514832,-0.12517458200454712,0.2777380049228668,0.7684839367866516,-0.10264644771814346,0.2469947189092636,0.735521137714386,-0.08630035817623138,Q
0.7808520793914795,0.6020298004150391,3.5668512055053725e-07,0.7299287915229797,0.4969486594200134,-0.031039675697684288,0.6208238005638123,0.4517531394958496,-0.055673111230134964,0.5306121706962585,0.4646908640861511,-0.06911315023899078,0.4689669609069824,0.48337095975875854,-0.08270005881786346,0.6493935585021973,0.49176663160324097,-0.11321038007736206,0.5278980731964111,0.5212198495864868,-0.14562195539474487,0.47226738929748535,0.5183302760124207,-0.1530567705631256,0.4417458176612854,0.5188713073730469,-0.15403388440608978,0.6598828434944153,0.5934374332427979,-0.10913527011871338,0.5107382535934448,0.5976094007492065,-0.1406259983778,0.5305546522140503,0.5572131872177124,-0.13285498321056366,0.5810457468032837,0.5406601428985596,-0.12368446588516235,0.6685807704925537,0.6739163994789124,-0.10102957487106323,0.5401486754417419,0.6552982926368713,-0.12107574194669724,0.5657601952552795,0.6186263561248779,-0.09549346566200256,0.6070753931999207,0.6094292998313904,-0.0767693743109703,0.6731489896774292,0.7379013299942017,-0.09419968724250793,0.5694034099578857,0.704517126083374,-0.10529930889606476,0.5924319624900818,0.671093225479126,-0.08646424859762192,0.6265496015548706,0.6668833494186401,-0.07301388680934906,0.12116317451000214,0.6909722685813904,1.2860161291428085e-07,0.19275090098381042,0.6181787848472595,0.007770249620079994,0.2805202305316925,0.5831191539764404,-0.01031353510916233,0.3411713242530823,0.6056934595108032,-0.03312220796942711,0.37316587567329407,0.6408451795578003,-0.05589936301112175,0.2988470792770386,0.5136756896972656,-0.04824182018637657,0.38573887944221497,0.4931097626686096,-0.08222377300262451,0.4395045042037964,0.48842501640319824,-0.10129337012767792,0.4809551537036896,0.49137598276138306,-0.11309878528118134,0.2780362367630005,0.559747040271759,-0.07366394251585007,0.37868285179138184,0.6807485818862915,-0.1087736263871193,0.3411807417869568,0.6889545917510986,-0.10654746741056442,0.3071134686470032,0.6572363972663879,-0.1022394672036171,0.2525644302368164,0.625159502029419,-0.09707042574882507,0.3427017331123352,0.7408466339111328,-0.12365460395812988,0.30223357677459717,0.7312292456626892,-0.10544852912425995,0.2744126617908478,0.6948509812355042,-0.0910106897354126,0.22638782858848572,0.6958805918693542,-0.1201709657907486,0.3068348467350006,0.7770918011665344,-0.1263415366411209,0.27813971042633057,0.7664171457290649,-0.10385022312402725,0.24698099493980408,0.7331027388572693,-0.08741410076618195,Q
0.7809891104698181,0.5978551506996155,3.2129679539139033e-07,0.7299528121948242,0.4965613782405853,-0.026779569685459137,0.6253039836883545,0.45071887969970703,-0.04925505816936493,0.5396133065223694,0.46176886558532715,-0.06211569160223007,0.4783391058444977,0.48109519481658936,-0.07521066814661026,0.6492222547531128,0.4909188747406006,-0.10490667074918747,0.5230870842933655,0.5255953073501587,-0.13438959419727325,0.4694620370864868,0.5239689350128174,-0.14005833864212036,0.4418843388557434,0.5240598320960999,-0.1396927833557129,0.6600801944732666,0.5910109877586365,-0.10253163427114487,0.5133895874023438,0.5987753868103027,-0.13172760605812073,0.5324989557266235,0.5626505613327026,-0.12419673800468445,0.5822401642799377,0.5485029220581055,-0.11535195261240005,0.6689414381980896,0.671210527420044,-0.09618280082941055,0.5407202243804932,0.6568955183029175,-0.11469962447881699,0.5652962327003479,0.622560977935791,-0.09073589742183685,0.6059505939483643,0.613200843334198,-0.07326081395149231,0.6727977395057678,0.7355954647064209,-0.09081193804740906,0.5693572759628296,0.7050354480743408,-0.1019735187292099,0.5920376777648926,0.674275279045105,-0.08459516614675522,0.6254954934120178,0.6699085235595703,-0.07195994257926941,0.12053549289703369,0.6940709948539734,1.1908414165873182e-07,0.1934732347726822,0.6199684143066406,0.008800680749118328,0.2831811308860779,0.5866197943687439,-0.009406136348843575,0.34493958950042725,0.6116214990615845,-0.03257225081324577,0.37420734763145447,0.6491683721542358,-0.055924419313669205,0.30031120777130127,0.5151252150535583,-0.0478888638317585,0.38405612111091614,0.49309664964675903,-0.08183474093675613,0.4368588328361511,0.4882394075393677,-0.10117954015731812,0.4773010313510895,0.49159836769104004,-0.1131834015250206,0.2795480489730835,0.5614065527915955,-0.07419531792402267,0.37826094031333923,0.6818506717681885,-0.10911011695861816,0.3410317301750183,0.6910509467124939,-0.10722681134939194,0.3074233829975128,0.660480260848999,-0.1031775176525116,0.25388187170028687,0.6269469857215881,-0.09834522753953934,0.34277623891830444,0.7424542903900146,-0.12468656897544861,0.3026009500026703,0.7334531545639038,-0.10663334280252457,0.275307297706604,0.6980829238891602,-0.09227932244539261,0.22753432393074036,0.6975599527359009,-0.12214164435863495,0.30771899223327637,0.7783685326576233,-0.12730832397937775,0.27908235788345337,0.7683917880058289,-0.10414950549602509,0.24819380044937134,0.7366283535957336,-0.08741171658039093,Q
0.7795488834381104,0.5961004495620728,3.517847346756753e-07,0.7275431156158447,0.4956551194190979,-0.028004594147205353,0.6217452883720398,0.45094752311706543,-0.050883498042821884,0.5350890755653381,0.4637798070907593,-0.06362996995449066,0.4759005904197693,0.4824429750442505,-0.0762469619512558,0.6488698124885559,0.4917561709880829,-0.10544637590646744,0.5238519310951233,0.5252281427383423,-0.13539831340312958,0.46971595287323,0.521535336971283,-0.14155206084251404,0.4428415894508362,0.5198531746864319,-0.14132221043109894,0.6596478819847107,0.5921601057052612,-0.1020272970199585,0.5134893655776978,0.5984483361244202,-0.13150513172149658,0.532305121421814,0.5611200928688049,-0.12428801506757736,0.5821879506111145,0.5466631054878235,-0.11535295844078064,0.668231189250946,0.6713014841079712,-0.09461525082588196,0.5420486927032471,0.6546984314918518,-0.11334291845560074,0.565861165523529,0.6198042035102844,-0.0896008163690567,0.6060974597930908,0.6110835671424866,-0.07202621549367905,0.6718719005584717,0.7345020771026611,-0.08823339641094208,0.5707095861434937,0.7017172574996948,-0.0989934429526329,0.5930455923080444,0.670756459236145,-0.08151929080486298,0.625846803188324,0.6671159267425537,-0.06871616095304489,0.12121644616127014,0.692200779914856,1.5007819342827133e-07,0.19251392781734467,0.6190828084945679,0.006686153821647167,0.28164923191070557,0.5844770669937134,-0.012016916647553444,0.3434666693210602,0.6077949404716492,-0.03548943251371384,0.374578595161438,0.6454392075538635,-0.058996282517910004,0.3000577986240387,0.5140249133110046,-0.04749765619635582,0.3874531090259552,0.4932788014411926,-0.08183736354112625,0.4415051341056824,0.48970890045166016,-0.10125288367271423,0.4833144545555115,0.4937342703342438,-0.11331099271774292,0.2798630893230438,0.5604031085968018,-0.07252993434667587,0.3792797923088074,0.6803836226463318,-0.10868392139673233,0.34080031514167786,0.6885155439376831,-0.10708726197481155,0.30690550804138184,0.6566966772079468,-0.10277410596609116,0.2543800473213196,0.6258730888366699,-0.09569528698921204,0.3427928686141968,0.7407456040382385,-0.12305326759815216,0.3019925057888031,0.7316024303436279,-0.10497476905584335,0.27481603622436523,0.6955400705337524,-0.09026118367910385,0.22788484394550323,0.6961156129837036,-0.11868293583393097,0.30698126554489136,0.7773270010948181,-0.1250622421503067,0.27821993827819824,0.7675724029541016,-0.10246406495571136,0.24812692403793335,0.7347737550735474,-0.08581102639436722,Q
0.7788478136062622,0.5976754426956177,3.781595125929016e-07,0.7279365658760071,0.4954235851764679,-0.03011152520775795,0.6224479675292969,0.44859278202056885,-0.05372990295290947,0.5352373123168945,0.4622843563556671,-0.06646592170000076,0.4755452275276184,0.48328039050102234,-0.07892531901597977,0.6502519249916077,0.49626776576042175,-0.10885149240493774,0.5259993076324463,0.5251431465148926,-0.1392129510641098,0.4697168469429016,0.5195103287696838,-0.14529794454574585,0.4401315450668335,0.5172278881072998,-0.14527501165866852,0.6597460508346558,0.5971969366073608,-0.10426218807697296,0.5132770538330078,0.5979758501052856,-0.1344529092311859,0.5326162576675415,0.5580230951309204,-0.1270185261964798,0.5826008319854736,0.5433620810508728,-0.11782010644674301,0.6674309372901917,0.6752151846885681,-0.09562928229570389,0.5418428778648376,0.65427565574646,-0.11426509916782379,0.5656210780143738,0.6178387999534607,-0.08995435386896133,0.6057311296463013,0.6096490621566772,-0.07218267023563385,0.670785665512085,0.7366997599601746,-0.08826480060815811,0.5703579783439636,0.7014140486717224,-0.09874460846185684,0.5926669239997864,0.6699602603912354,-0.08126203715801239,0.6251654624938965,0.6672790050506592,-0.06866088509559631,0.12095744907855988,0.6941091418266296,1.3599665749097767e-07,0.19311383366584778,0.6183422803878784,0.008152307942509651,0.28236350417137146,0.5845987796783447,-0.01105932705104351,0.3444811999797821,0.6096010208129883,-0.03498499095439911,0.3746427893638611,0.6489658355712891,-0.05906595289707184,0.2995472252368927,0.5145261287689209,-0.051041118800640106,0.38631224632263184,0.4914301037788391,-0.08631006628274918,0.44062647223472595,0.4880818724632263,-0.10620997846126556,0.4819587171077728,0.4929157495498657,-0.11829958111047745,0.27888378500938416,0.5620911717414856,-0.076893150806427,0.3780513405799866,0.6794628500938416,-0.11230877786874771,0.34078091382980347,0.6888636946678162,-0.10987786203622818,0.30737924575805664,0.6583248376846313,-0.10544619709253311,0.2537722885608673,0.6283749341964722,-0.10054898262023926,0.34253036975860596,0.7404289245605469,-0.12682023644447327,0.3025553226470947,0.7320125699043274,-0.1078726053237915,0.27506542205810547,0.6969865560531616,-0.09297718107700348,0.22808349132537842,0.6992731094360352,-0.12389804422855377,0.30788466334342957,0.7778916358947754,-0.12857685983181,0.2799665629863739,0.7688015699386597,-0.1046794131398201,0.24941091239452362,0.7375046014785767,-0.08740270882844925,Q
0.7754589319229126,0.5995515584945679,4.083728697423794e-07,0.7257595658302307,0.49655571579933167,-0.03289075940847397,0.61714768409729,0.4507206678390503,-0.05731692165136337,0.5274046063423157,0.46590983867645264,-0.06982989609241486,0.4671359062194824,0.4862024188041687,-0.08165085315704346,0.6487089991569519,0.4972437918186188,-0.11404968053102493,0.5183224678039551,0.525809645652771,-0.14457596838474274,0.4593721628189087,0.5178076028823853,-0.1493799239397049,0.4265199899673462,0.5125501155853271,-0.14862573146820068,0.6586695313453674,0.5993475914001465,-0.10781680792570114,0.5103338956832886,0.5963115096092224,-0.13994981348514557,0.5329806804656982,0.5559701323509216,-0.13078594207763672,0.584757387638092,0.5405656099319458,-0.11962997168302536,0.6662337183952332,0.6772956848144531,-0.09762988984584808,0.5409332513809204,0.6519990563392639,-0.11668439954519272,0.5674481987953186,0.6157724857330322,-0.09052354097366333,0.6076703667640686,0.6076062917709351,-0.07132936269044876,0.6689343452453613,0.7379080057144165,-0.0890682116150856,0.5710112452507019,0.6982709169387817,-0.09959196299314499,0.5952770113945007,0.6672249436378479,-0.08206730335950851,0.6272017955780029,0.6649305820465088,-0.06951699405908585,0.12119965255260468,0.6956141591072083,1.2157384787769843e-07,0.19223707914352417,0.6193744540214539,0.01024728361517191,0.2805617153644562,0.5833486318588257,-0.007255228701978922,0.34183207154273987,0.6059672832489014,-0.030020512640476227,0.3735780119895935,0.6441640257835388,-0.052909817546606064,0.2998826205730438,0.5152431726455688,-0.04694901779294014,0.38498133420944214,0.4920107126235962,-0.0809088796377182,0.4379386305809021,0.48872700333595276,-0.09985940158367157,0.4776444435119629,0.49412426352500916,-0.11133119463920593,0.279255747795105,0.5610414147377014,-0.07358157634735107,0.37942200899124146,0.6800172924995422,-0.10782340914011002,0.34298083186149597,0.6891599297523499,-0.10495931655168533,0.3094335198402405,0.6584402322769165,-0.10030388087034225,0.25370872020721436,0.6257677674293518,-0.09803759306669235,0.3434230089187622,0.740619421005249,-0.12369658797979355,0.3040865361690521,0.7322460412979126,-0.10517466813325882,0.2767730951309204,0.6968423128128052,-0.09069491177797318,0.2271963208913803,0.6955391764640808,-0.12199646234512329,0.30764293670654297,0.7774264812469482,-0.12677516043186188,0.2797275483608246,0.7681907415390015,-0.10346198827028275,0.24890074133872986,0.7360578179359436,-0.08661150187253952,Q
0.7776371240615845,0.5973308682441711,3.801703485351027e-07,0.7275835275650024,0.49487003684043884,-0.03139672428369522,0.6218313574790955,0.4513742923736572,-0.054921556264162064,0.5352392792701721,0.46711868047714233,-0.06710688024759293,0.47642144560813904,0.4884259104728699,-0.07896462082862854,0.6461338996887207,0.4938919246196747,-0.11039237678050995,0.5193793773651123,0.527820348739624,-0.14051465690135956,0.46402376890182495,0.5202838182449341,-0.1462300419807434,0.4344743490219116,0.514029860496521,-0.14602918922901154,0.6560786366462708,0.5954269766807556,-0.10476449877023697,0.5129576921463013,0.5986706614494324,-0.13450969755649567,0.5351062417030334,0.559201180934906,-0.12578222155570984,0.5861560702323914,0.5429502725601196,-0.11587228626012802,0.6650009155273438,0.6750127673149109,-0.09540321677923203,0.5428892374038696,0.6568044424057007,-0.11294622719287872,0.5688837766647339,0.6210302710533142,-0.08790312707424164,0.6093289256095886,0.6122181415557861,-0.07017342001199722,0.6696573495864868,0.7380948662757874,-0.08762255311012268,0.573435366153717,0.7036956548690796,-0.09796293824911118,0.5967761278152466,0.6721866726875305,-0.08097030967473984,0.6284631490707397,0.668980598449707,-0.06890130043029785,0.12086938321590424,0.6931704878807068,1.1945022038162278e-07,0.19379377365112305,0.6204964518547058,0.01062236912548542,0.2835337519645691,0.588943362236023,-0.0078002032823860645,0.3446921408176422,0.6170607805252075,-0.032218120992183685,0.37446674704551697,0.6585943102836609,-0.05688915029168129,0.3010132610797882,0.5154843926429749,-0.043245475739240646,0.3848581612110138,0.4928932189941406,-0.0755411833524704,0.4363100230693817,0.4887504577636719,-0.0939551293849945,0.4745257496833801,0.49331051111221313,-0.10564550012350082,0.2801644206047058,0.561552882194519,-0.07065347582101822,0.3788149952888489,0.6799482107162476,-0.10531332343816757,0.3411116898059845,0.6896947026252747,-0.1037869080901146,0.3072812855243683,0.6594650745391846,-0.09996828436851501,0.25423532724380493,0.6271633505821228,-0.09576932340860367,0.3441999554634094,0.7412964105606079,-0.12191618978977203,0.3036209046840668,0.7329608201980591,-0.10352678596973419,0.2758026719093323,0.698424756526947,-0.08909349143505096,0.2276383936405182,0.6972768902778625,-0.1203625351190567,0.30873650312423706,0.7779291868209839,-0.1260107010602951,0.2794332206249237,0.7680919170379639,-0.102693572640419,0.24833983182907104,0.7368485331535339,-0.0857972651720047,Q
0.7764428853988647,0.5975074768066406,3.9881822999632277e-07,0.7258879542350769,0.49521732330322266,-0.03206010162830353,0.6189563870429993,0.4510284662246704,-0.055898625403642654,0.5316177606582642,0.46716123819351196,-0.06811404973268509,0.4727056622505188,0.4866504967212677,-0.08009257167577744,0.6451217532157898,0.49546757340431213,-0.11224793642759323,0.5192239880561829,0.5274171233177185,-0.14181658625602722,0.46194103360176086,0.519873321056366,-0.14666061103343964,0.4285826086997986,0.5137765407562256,-0.14617915451526642,0.6560589671134949,0.5968966484069824,-0.10655678808689117,0.512063205242157,0.5981976985931396,-0.1369587481021881,0.534320592880249,0.5590493679046631,-0.12772487103939056,0.5849078297615051,0.5428918600082397,-0.11709260940551758,0.6650720238685608,0.6759294867515564,-0.09699288755655289,0.5425416231155396,0.6547515392303467,-0.11553986370563507,0.5687513947486877,0.6191848516464233,-0.09031505882740021,0.6085927486419678,0.6106559038162231,-0.07195045799016953,0.6691920161247253,0.7383800745010376,-0.08894111961126328,0.5719611048698425,0.7024829387664795,-0.09963958710432053,0.5956506729125977,0.6710206866264343,-0.0824146419763565,0.6273905038833618,0.6680489778518677,-0.07004706561565399,0.12143564224243164,0.6931886672973633,1.4322917252229672e-07,0.19264517724514008,0.6200574040412903,0.009416170418262482,0.2818625271320343,0.5879984498023987,-0.00985720008611679,0.34359902143478394,0.6148717403411865,-0.034804437309503555,0.3748188018798828,0.65499347448349,-0.06005081906914711,0.30111807584762573,0.5145933628082275,-0.04588109627366066,0.38837122917175293,0.49445679783821106,-0.0799490287899971,0.4413938522338867,0.49196240305900574,-0.0994577407836914,0.48150700330734253,0.49650371074676514,-0.11178433895111084,0.2802157402038574,0.5607501864433289,-0.07279176265001297,0.3795682489871979,0.6809084415435791,-0.10908929258584976,0.3407067656517029,0.6901887655258179,-0.10760805010795593,0.3067353665828705,0.6583450436592102,-0.1035928875207901,0.2542658746242523,0.6263070106506348,-0.0974917933344841,0.34473487734794617,0.7418369054794312,-0.12467949092388153,0.3034673035144806,0.7330612540245056,-0.10550297051668167,0.2754538655281067,0.6972090601921082,-0.09035609662532806,0.22762450575828552,0.6961295008659363,-0.12177769094705582,0.3087255656719208,0.7776044011116028,-0.1282421052455902,0.2790249288082123,0.7681682109832764,-0.10470675677061081,0.2484310120344162,0.7358193397521973,-0.08749319612979889,Q
0.7773118019104004,0.5982385277748108,4.2549419276838307e-07,0.7279319167137146,0.4952172040939331,-0.03332527354359627,0.6226163506507874,0.4511820077896118,-0.05812475085258484,0.5360317826271057,0.46632444858551025,-0.07089640200138092,0.475902795791626,0.48430299758911133,-0.08344169706106186,0.6482372283935547,0.49676382541656494,-0.11424823105335236,0.5243253707885742,0.5270569324493408,-0.14416293799877167,0.46378713846206665,0.5179930329322815,-0.14947810769081116,0.42594245076179504,0.5105069279670715,-0.14960169792175293,0.6581900715827942,0.5976629853248596,-0.10832197964191437,0.5112854838371277,0.5994322299957275,-0.13986770808696747,0.5334013104438782,0.5584947466850281,-0.13125629723072052,0.584687352180481,0.5413467884063721,-0.12062908709049225,0.6664570569992065,0.6761870384216309,-0.09836462140083313,0.541236937046051,0.6556046605110168,-0.11818854510784149,0.5678490400314331,0.6179503798484802,-0.09280549734830856,0.6086049675941467,0.6088930368423462,-0.07380764931440353,0.6706324219703674,0.7375637292861938,-0.0899469181895256,0.5719161629676819,0.7027093172073364,-0.10184501856565475,0.5951170325279236,0.6693172454833984,-0.08460313826799393,0.6272944211959839,0.6657816171646118,-0.07184118032455444,0.12079611420631409,0.6949887275695801,1.2730637877211848e-07,0.19191843271255493,0.618558943271637,0.008948510512709618,0.2804430425167084,0.5841848254203796,-0.009885801933705807,0.3419700264930725,0.6102406978607178,-0.033917658030986786,0.37319594621658325,0.6508994698524475,-0.058086637407541275,0.30016857385635376,0.5155869722366333,-0.047987740486860275,0.38526833057403564,0.49283695220947266,-0.08158902078866959,0.43867963552474976,0.4901943504810333,-0.10025633126497269,0.47801291942596436,0.49631303548812866,-0.11164263635873795,0.27943941950798035,0.5624374151229858,-0.07420989871025085,0.3782784640789032,0.6811798810958862,-0.10829422622919083,0.3410888612270355,0.6900268197059631,-0.10538588464260101,0.3075416386127472,0.6580379009246826,-0.10082563757896423,0.254314661026001,0.6279745101928711,-0.09829536825418472,0.34384194016456604,0.7418144941329956,-0.12367504835128784,0.30390262603759766,0.7329956293106079,-0.10458089411258698,0.27579060196876526,0.6969870328903198,-0.08987613022327423,0.22801530361175537,0.6979512572288513,-0.12205544114112854,0.30858710408210754,0.7778152823448181,-0.1267150640487671,0.28055331110954285,0.7683043479919434,-0.10302037745714188,0.2491852343082428,0.736499547958374,-0.0859118178486824,Q
0.7784039378166199,0.6032227277755737,3.818320521986607e-07,0.7284858822822571,0.4982604682445526,-0.03212955594062805,0.6207798719406128,0.45242053270339966,-0.05603177472949028,0.5316038131713867,0.46594783663749695,-0.06830646097660065,0.4708895981311798,0.4822601079940796,-0.08029480278491974,0.6492692232131958,0.49450764060020447,-0.11279653012752533,0.5219209790229797,0.525811493396759,-0.1427435725927353,0.46476078033447266,0.5197424292564392,-0.1476438194513321,0.4326933026313782,0.5158975124359131,-0.1470813751220703,0.6585942506790161,0.5972139239311218,-0.10698820650577545,0.5115413665771484,0.6003240942955017,-0.13726592063903809,0.5332310199737549,0.560184895992279,-0.12799635529518127,0.5841469764709473,0.5437021851539612,-0.1174549013376236,0.6665740609169006,0.6769306063652039,-0.09724211692810059,0.5413649678230286,0.6560823321342468,-0.11579994112253189,0.5677951574325562,0.6199960708618164,-0.09025251865386963,0.6084029674530029,0.611321210861206,-0.07176273316144943,0.6701292991638184,0.7392852306365967,-0.08897743374109268,0.5720073580741882,0.7024556994438171,-0.09980723261833191,0.5957323312759399,0.670764684677124,-0.08248473703861237,0.6278795599937439,0.6678316593170166,-0.07008401304483414,0.12059953808784485,0.6937831044197083,1.3096303064230597e-07,0.1931522637605667,0.6197383999824524,0.009096261113882065,0.28251275420188904,0.5859225392341614,-0.009289938025176525,0.34328120946884155,0.6116625070571899,-0.03304435312747955,0.37341949343681335,0.6516157388687134,-0.057029079645872116,0.3008950650691986,0.5154719352722168,-0.04572363570332527,0.3859538435935974,0.49440979957580566,-0.07884160429239273,0.4379114508628845,0.48968505859375,-0.09753571450710297,0.477117121219635,0.4923807382583618,-0.10932047665119171,0.28038492798805237,0.5620653629302979,-0.07229447364807129,0.3804210424423218,0.6820383071899414,-0.10716640949249268,0.34277933835983276,0.6901757717132568,-0.10502756386995316,0.30856743454933167,0.6585136651992798,-0.10074581950902939,0.2546194791793823,0.6274511218070984,-0.09676028043031693,0.3444913625717163,0.7423709034919739,-0.12288779765367508,0.30419832468032837,0.7328768968582153,-0.10435308516025543,0.27656489610671997,0.697109043598175,-0.0898517593741417,0.22788220643997192,0.6972853541374207,-0.12089620530605316,0.3079395890235901,0.7779501080513,-0.12629924714565277,0.2788097858428955,0.7672179341316223,-0.10312298685312271,0.2478032112121582,0.7344319820404053,-0.08647419512271881,Q
0.7794082760810852,0.6021661162376404,3.393014367247815e-07,0.7293708920478821,0.4976128935813904,-0.02961304411292076,0.622816801071167,0.45004957914352417,-0.052363358438014984,0.5355837345123291,0.46335285902023315,-0.06445562094449997,0.47593188285827637,0.48667532205581665,-0.07658876478672028,0.649060845375061,0.4940376281738281,-0.10573093593120575,0.5279173851013184,0.5259419083595276,-0.13521350920200348,0.47143781185150146,0.5249315500259399,-0.14139032363891602,0.4398103654384613,0.5267800688743591,-0.1418677568435669,0.6587538123130798,0.5956628918647766,-0.10179705917835236,0.5134755373001099,0.5998479723930359,-0.1319870799779892,0.5351077318191528,0.56153804063797,-0.12494168430566788,0.5863514542579651,0.5469396114349365,-0.11589206755161285,0.6669753789901733,0.6752779483795166,-0.09393619745969772,0.5420728325843811,0.6573463678359985,-0.11333418637514114,0.5682810544967651,0.6228348612785339,-0.08917465060949326,0.6092274188995361,0.6149806380271912,-0.07121513038873672,0.6707373261451721,0.7384556531906128,-0.0872991681098938,0.5700210332870483,0.7049201726913452,-0.09866679459810257,0.5944122076034546,0.6742863655090332,-0.08103109151124954,0.6280630230903625,0.6713913083076477,-0.06820233166217804,0.1210368275642395,0.6941554546356201,1.4327740416320012e-07,0.19234579801559448,0.6199663877487183,0.008503719232976437,0.2814253866672516,0.5865384936332703,-0.010489113628864288,0.3431644141674042,0.6120736002922058,-0.03464174643158913,0.3737867474555969,0.651486337184906,-0.05899149179458618,0.3004572093486786,0.5155360698699951,-0.048018597066402435,0.3876357078552246,0.49408766627311707,-0.08248686790466309,0.44133803248405457,0.4902898669242859,-0.10195133835077286,0.4821004569530487,0.49420660734176636,-0.11405130475759506,0.2799868881702423,0.5621544122695923,-0.07443340122699738,0.38025781512260437,0.6827325820922852,-0.11018259823322296,0.34237879514694214,0.690628170967102,-0.10790280997753143,0.30835145711898804,0.6586598753929138,-0.1034848690032959,0.25433945655822754,0.6275836825370789,-0.09877996146678925,0.3443699777126312,0.7431811690330505,-0.1254480630159378,0.3037317097187042,0.7330745458602905,-0.10642637312412262,0.2761272192001343,0.6968181133270264,-0.09159142524003983,0.22786806523799896,0.6975395083427429,-0.12284974753856659,0.30783483386039734,0.7784137725830078,-0.12858256697654724,0.2784004509449005,0.7675296068191528,-0.1051529049873352,0.24745962023735046,0.7343349456787109,-0.08829235285520554,Q
0.7795830965042114,0.5986881256103516,3.4046379937535676e-07,0.7287849187850952,0.4967927634716034,-0.02870548889040947,0.6228488087654114,0.4539671540260315,-0.05147710070014,0.5354035496711731,0.46483713388442993,-0.06365381181240082,0.4750354290008545,0.48462891578674316,-0.0759480893611908,0.6493132710456848,0.49251726269721985,-0.10703657567501068,0.5268993973731995,0.5245370268821716,-0.13610123097896576,0.4713771343231201,0.5244904160499573,-0.1413746476173401,0.4409075081348419,0.5270621180534363,-0.14109830558300018,0.6592597961425781,0.5930083394050598,-0.1030028834939003,0.5142971277236938,0.5992555618286133,-0.1317804753780365,0.5346202254295349,0.5624693632125854,-0.12322557717561722,0.5847392678260803,0.547726035118103,-0.11354808509349823,0.6673265695571899,0.6724829077720642,-0.0949779599905014,0.5427698493003845,0.6564111113548279,-0.1131172850728035,0.568007230758667,0.6226553320884705,-0.08880001306533813,0.608047604560852,0.6143208742141724,-0.07108067721128464,0.6704552173614502,0.7357311248779297,-0.08806878328323364,0.5710156559944153,0.7039883732795715,-0.09868627786636353,0.5944592356681824,0.6740626692771912,-0.08140189945697784,0.6268776059150696,0.6707291603088379,-0.06897382438182831,0.12045836448669434,0.6957765221595764,1.198640831034936e-07,0.19304698705673218,0.6197424530982971,0.00975360069423914,0.2825286090373993,0.5859180092811584,-0.008506432175636292,0.34411731362342834,0.61318039894104,-0.03229539841413498,0.3745538592338562,0.6542174220085144,-0.056285277009010315,0.3009145259857178,0.5155128240585327,-0.04432225227355957,0.38445016741752625,0.49416255950927734,-0.0764046460390091,0.4361875355243683,0.489773154258728,-0.09445060789585114,0.47472578287124634,0.4932735562324524,-0.10588275641202927,0.28055712580680847,0.5626204013824463,-0.07093360275030136,0.37919506430625916,0.6794589757919312,-0.10509403049945831,0.34202054142951965,0.6885570883750916,-0.10286559909582138,0.30780816078186035,0.6580643057823181,-0.0984753966331482,0.2551778554916382,0.6284332871437073,-0.09535036236047745,0.3442612588405609,0.7403538227081299,-0.12076767534017563,0.3044082224369049,0.7320244312286377,-0.1020977720618248,0.2762998938560486,0.697484016418457,-0.08748603612184525,0.22859466075897217,0.6985335350036621,-0.11939921230077744,0.30817168951034546,0.7772594690322876,-0.12438596785068512,0.27932894229888916,0.7672690153121948,-0.10122790187597275,0.24804888665676117,0.7357031106948853,-0.08449186384677887,Q
0.7788112759590149,0.5984684228897095,3.567730573195149e-07,0.7269850969314575,0.49591314792633057,-0.029136406257748604,0.6196921467781067,0.4515395164489746,-0.05151138827204704,0.5319607853889465,0.46553170680999756,-0.0631113275885582,0.47172898054122925,0.48738712072372437,-0.07453722506761551,0.647876501083374,0.49767351150512695,-0.10829423367977142,0.5225071907043457,0.5284423828125,-0.13753798604011536,0.4687206447124481,0.5238281488418579,-0.14231853187084198,0.44208651781082153,0.5217537879943848,-0.14113624393939972,0.6583007574081421,0.5984802842140198,-0.10344230383634567,0.5127214193344116,0.6005954146385193,-0.13121435046195984,0.5315444469451904,0.5624675750732422,-0.12194554507732391,0.5811766386032104,0.5484221577644348,-0.11201916635036469,0.6668727993965149,0.6762686967849731,-0.09466034919023514,0.5421012043952942,0.655773401260376,-0.11190959066152573,0.5665900707244873,0.6208159923553467,-0.0876770094037056,0.6062968969345093,0.6130591034889221,-0.07027623057365417,0.6705080270767212,0.7375046014785767,-0.08703602850437164,0.5705978274345398,0.7020734548568726,-0.09713103622198105,0.59328693151474,0.6716728210449219,-0.0802188515663147,0.6252967119216919,0.6692601442337036,-0.06820098310709,0.12175488471984863,0.694377601146698,1.379395797584948e-07,0.1932007074356079,0.6216515898704529,0.009039921686053276,0.28228312730789185,0.5889949798583984,-0.010019783861935139,0.34434813261032104,0.6146897077560425,-0.034507740288972855,0.37587058544158936,0.651711106300354,-0.0591951459646225,0.30043381452560425,0.5151308178901672,-0.04603508859872818,0.38686060905456543,0.49366381764411926,-0.07907835394144058,0.43962031602859497,0.4898216128349304,-0.0972348004579544,0.4791891872882843,0.49421125650405884,-0.10851061344146729,0.2797505557537079,0.5613271594047546,-0.07225091755390167,0.37995442748069763,0.6792401075363159,-0.10750320553779602,0.341521680355072,0.688880443572998,-0.10494600236415863,0.3070140779018402,0.6584031581878662,-0.10007008165121078,0.25422266125679016,0.6266354322433472,-0.09633838385343552,0.34435680508613586,0.7397053837776184,-0.1228574588894844,0.30352354049682617,0.7314669489860535,-0.10386472195386887,0.2752429246902466,0.6965671181678772,-0.08883030712604523,0.22797736525535583,0.6963509917259216,-0.11999797821044922,0.3078369200229645,0.7755797505378723,-0.12587855756282806,0.27855315804481506,0.7662262916564941,-0.10276715457439423,0.24766148626804352,0.7344260215759277,-0.08596684038639069,Q
0.7780463695526123,0.6004555225372314,4.0052299254966783e-07,0.7278375625610352,0.49675214290618896,-0.03210758790373802,0.6211118698120117,0.4531555473804474,-0.056708935648202896,0.5322661995887756,0.4690416157245636,-0.06940914690494537,0.4716506004333496,0.48882007598876953,-0.08180317282676697,0.6502130031585693,0.49693581461906433,-0.11641029268503189,0.5213618874549866,0.5242461562156677,-0.14641258120536804,0.46422988176345825,0.5167878866195679,-0.15071111917495728,0.4318835735321045,0.5117003917694092,-0.14964741468429565,0.6598084568977356,0.598147988319397,-0.11034609377384186,0.5102611780166626,0.5993622541427612,-0.13958528637886047,0.5306100249290466,0.5596482157707214,-0.12897351384162903,0.5805045366287231,0.5435565114021301,-0.11795271188020706,0.6676137447357178,0.6763176918029785,-0.10010504722595215,0.5395514965057373,0.6544163823127747,-0.11760574579238892,0.5647892355918884,0.6179676651954651,-0.09129586070775986,0.6046832203865051,0.6092105507850647,-0.07271374762058258,0.6710330843925476,0.7375401854515076,-0.09130334854125977,0.5703460574150085,0.7006102800369263,-0.10163124650716782,0.5931735038757324,0.668533444404602,-0.08406899869441986,0.6251738667488098,0.665499746799469,-0.07172325253486633,0.12140662968158722,0.6948214173316956,1.0887816159765862e-07,0.19346164166927338,0.6202172636985779,0.009937490336596966,0.2833206057548523,0.5883233547210693,-0.008374317549169064,0.34528738260269165,0.6168174147605896,-0.03214032202959061,0.3767646551132202,0.6572871804237366,-0.05602727830410004,0.30002740025520325,0.5159367918968201,-0.04592622071504593,0.3844117522239685,0.493266761302948,-0.07787202298641205,0.4358079731464386,0.4879176914691925,-0.09525124728679657,0.4737544655799866,0.49157464504241943,-0.10602746903896332,0.27935412526130676,0.5628764629364014,-0.07245923578739166,0.3785805404186249,0.6791141033172607,-0.10628221184015274,0.34102287888526917,0.6884324550628662,-0.10340981930494308,0.30712777376174927,0.6586647033691406,-0.09867428988218307,0.25412940979003906,0.6287351846694946,-0.09667988121509552,0.3439640998840332,0.7396456003189087,-0.12216031551361084,0.30377405881881714,0.731479287147522,-0.10324141383171082,0.2756596803665161,0.6975001096725464,-0.08844680339097977,0.22828251123428345,0.6988771557807922,-0.1203872486948967,0.30878493189811707,0.7762051820755005,-0.12518969178199768,0.28047576546669006,0.7670587301254272,-0.101620614528656,0.24947196245193481,0.7368250489234924,-0.08460874110460281,Q
0.779120683670044,0.6014710068702698,3.530685148689372e-07,0.7275105714797974,0.49664753675460815,-0.02954912930727005,0.6203508973121643,0.4516826272010803,-0.052374351769685745,0.5316656827926636,0.4662298858165741,-0.06456294655799866,0.47008273005485535,0.48461970686912537,-0.0765276700258255,0.6479127407073975,0.49680453538894653,-0.107207752764225,0.5227238535881042,0.5277761220932007,-0.13738924264907837,0.46948814392089844,0.5214333534240723,-0.14345437288284302,0.4428156018257141,0.5177032947540283,-0.14325617253780365,0.6576910614967346,0.5976609587669373,-0.10255084186792374,0.5128762722015381,0.5988937020301819,-0.13126227259635925,0.5329506993293762,0.5600162744522095,-0.12309064716100693,0.5829483866691589,0.5454297661781311,-0.11393386870622635,0.6662549376487732,0.6761074662208557,-0.09410637617111206,0.5420141816139221,0.6554319858551025,-0.11139893531799316,0.5666992664337158,0.6200706958770752,-0.0866776555776596,0.6067999005317688,0.6119227409362793,-0.06926602870225906,0.6705783009529114,0.7383776903152466,-0.08699875324964523,0.5717185139656067,0.7024642825126648,-0.09705034643411636,0.5946296453475952,0.6707953810691833,-0.07959431409835815,0.6270288228988647,0.6677991151809692,-0.06725616753101349,0.12154822051525116,0.693476676940918,1.24312421689865e-07,0.19318526983261108,0.6194214820861816,0.00954307522624731,0.28123390674591064,0.5849965214729309,-0.008637432008981705,0.34237223863601685,0.6087115406990051,-0.032211244106292725,0.3743308186531067,0.6451529264450073,-0.05595756322145462,0.3005298674106598,0.5143441557884216,-0.045261580497026443,0.38543397188186646,0.4939069151878357,-0.07852806895971298,0.43763893842697144,0.4899086058139801,-0.09728743135929108,0.4771457314491272,0.4938119649887085,-0.10897517949342728,0.28045544028282166,0.5604255199432373,-0.07166723161935806,0.38000786304473877,0.6810505390167236,-0.10652974247932434,0.34233421087265015,0.6900434494018555,-0.10447628796100616,0.3081240952014923,0.6589601635932922,-0.10017465800046921,0.25518348813056946,0.6258937120437622,-0.0959443524479866,0.34425878524780273,0.7410799860954285,-0.12199711799621582,0.303438276052475,0.7317187786102295,-0.10351625829935074,0.2754426896572113,0.6956905126571655,-0.08901147544384003,0.2289683222770691,0.6961591839790344,-0.11980226635932922,0.3081735372543335,0.7770041227340698,-0.1254139542579651,0.2789933383464813,0.766795814037323,-0.10256725549697876,0.2482900768518448,0.7341166138648987,-0.08600558340549469,Q
0.7775365710258484,0.598857581615448,3.7075415093568154e-07,0.7258146405220032,0.49533694982528687,-0.029745884239673615,0.6185450553894043,0.45094534754753113,-0.05289177969098091,0.5303277373313904,0.4654068946838379,-0.06507360190153122,0.46927306056022644,0.48503026366233826,-0.07712005823850632,0.646999716758728,0.496292382478714,-0.10857316851615906,0.5242069959640503,0.526644766330719,-0.13825327157974243,0.4682387113571167,0.5218630433082581,-0.14378345012664795,0.43768924474716187,0.5203649401664734,-0.143553227186203,0.6577268242835999,0.5972908139228821,-0.10402734577655792,0.5111243724822998,0.5981783270835876,-0.1337626725435257,0.5319200754165649,0.5590282082557678,-0.12542526423931122,0.5823152661323547,0.544809103012085,-0.11554466933012009,0.666506290435791,0.6753069758415222,-0.09541931003332138,0.541364312171936,0.6545723676681519,-0.11390170454978943,0.5667241215705872,0.6190842390060425,-0.08889405429363251,0.6067841649055481,0.61127769947052,-0.07061266154050827,0.6708565950393677,0.7370120882987976,-0.08804000914096832,0.5713385343551636,0.7011443376541138,-0.09875494986772537,0.5949108004570007,0.669872522354126,-0.08108557760715485,0.6273148655891418,0.6671968102455139,-0.06832912564277649,0.12130030989646912,0.6936890482902527,1.0951698925509845e-07,0.19337709248065948,0.619162380695343,0.010254084132611752,0.28179439902305603,0.5855000615119934,-0.007727659307420254,0.3427243232727051,0.6107936501502991,-0.03133121505379677,0.37425875663757324,0.6487416625022888,-0.055152956396341324,0.30020105838775635,0.515120267868042,-0.044111985713243484,0.3838287889957428,0.49393054842948914,-0.07668191939592361,0.4353438913822174,0.48890161514282227,-0.09521699696779251,0.4741115868091583,0.49172845482826233,-0.10690753906965256,0.28022006154060364,0.561474621295929,-0.0709187388420105,0.37919241189956665,0.6810889840126038,-0.10548271983861923,0.34162405133247375,0.6898266673088074,-0.10370767116546631,0.3071877360343933,0.6585872173309326,-0.09964481741189957,0.25516536831855774,0.6271898150444031,-0.09549185633659363,0.3440459072589874,0.7412388920783997,-0.12119635939598083,0.30341067910194397,0.7316975593566895,-0.1028001680970192,0.27523481845855713,0.6958149671554565,-0.08839493244886398,0.22918878495693207,0.6974624395370483,-0.11959611624479294,0.3086683452129364,0.7773187160491943,-0.12491662055253983,0.2796596884727478,0.7669885158538818,-0.1019798219203949,0.24899618327617645,0.7347895503044128,-0.08537687361240387,Q
0.7779586315155029,0.6016184687614441,3.304864151232323e-07,0.7266903519630432,0.49713334441185,-0.027978133410215378,0.6205604076385498,0.4527345895767212,-0.050214558839797974,0.5326515436172485,0.4673308730125427,-0.062151357531547546,0.4723357558250427,0.484483003616333,-0.07375040650367737,0.6466414332389832,0.49505919218063354,-0.10666369646787643,0.51744544506073,0.5287315249443054,-0.13691022992134094,0.46747109293937683,0.5225460529327393,-0.14277122914791107,0.44651493430137634,0.5183497667312622,-0.14195919036865234,0.656561017036438,0.5956975221633911,-0.10211020708084106,0.5129972696304321,0.5990509986877441,-0.13028326630592346,0.5333601236343384,0.5607396364212036,-0.12179579585790634,0.5841279029846191,0.5460423827171326,-0.1125144511461258,0.6653556823730469,0.6740515828132629,-0.09368019551038742,0.5424210429191589,0.655726969242096,-0.10987579822540283,0.567250669002533,0.6207308173179626,-0.08520615845918655,0.6081094145774841,0.6123868823051453,-0.0680600181221962,0.6701740622520447,0.736612856388092,-0.08647920191287994,0.5729201436042786,0.7024928331375122,-0.09575449675321579,0.5955440402030945,0.6715317964553833,-0.07843141257762909,0.6279415488243103,0.6684385538101196,-0.06618776172399521,0.1222890168428421,0.6931206583976746,1.341765312190546e-07,0.19309256970882416,0.6209324598312378,0.00741647370159626,0.28142040967941284,0.5870065689086914,-0.01103962492197752,0.3428122103214264,0.6112166047096252,-0.034613240510225296,0.37544840574264526,0.6481331586837769,-0.058313999325037,0.3001485764980316,0.5144718885421753,-0.04438234865665436,0.3856949806213379,0.49454963207244873,-0.07719524949789047,0.4377495348453522,0.490803062915802,-0.09627373516559601,0.4775558412075043,0.49351420998573303,-0.10857027024030685,0.2800990343093872,0.5606815218925476,-0.06968636065721512,0.3794415295124054,0.6792592406272888,-0.10556132346391678,0.3420451581478119,0.689236581325531,-0.10530494898557663,0.30804601311683655,0.6584922671318054,-0.10209658741950989,0.2551809847354889,0.626255452632904,-0.09298810362815857,0.34448859095573425,0.7395271062850952,-0.1198885589838028,0.303851842880249,0.7309150695800781,-0.10225050151348114,0.27579089999198914,0.6949366927146912,-0.0880839005112648,0.22937002778053284,0.696217954158783,-0.11603725701570511,0.3088075518608093,0.7756463289260864,-0.12277013808488846,0.27926504611968994,0.7659199833869934,-0.10068109631538391,0.24878175556659698,0.7333487272262573,-0.08448151499032974,Q
0.7785969972610474,0.6013764142990112,3.338619194437342e-07,0.729123055934906,0.49705392122268677,-0.030493436381220818,0.6206637024879456,0.4518612027168274,-0.05374442785978317,0.5320976972579956,0.4660343527793884,-0.06624513119459152,0.472248375415802,0.48975592851638794,-0.07866613566875458,0.6504012942314148,0.49287018179893494,-0.10697586834430695,0.529516339302063,0.5216835141181946,-0.13791678845882416,0.4735996425151825,0.5239676833152771,-0.1448674201965332,0.44302839040756226,0.530235767364502,-0.1456313133239746,0.6604773998260498,0.5936768054962158,-0.10305874049663544,0.5121210813522339,0.5967275500297546,-0.1350969672203064,0.5332760214805603,0.5585803389549255,-0.12847931683063507,0.5847910642623901,0.5440919995307922,-0.11914673447608948,0.6681867837905884,0.6729833483695984,-0.09538604319095612,0.5405508279800415,0.6537579298019409,-0.11643442511558533,0.5670825839042664,0.6187134981155396,-0.09241748601198196,0.6082501411437988,0.610432505607605,-0.07380440831184387,0.6710755228996277,0.7357391119003296,-0.0889960527420044,0.5688157677650452,0.7017823457717896,-0.10121283680200577,0.5927689075469971,0.6704325675964355,-0.08389324694871902,0.6266007423400879,0.6670355796813965,-0.07104906439781189,0.12259507179260254,0.6912904977798462,1.1736717908661376e-07,0.19341164827346802,0.6167749166488647,0.008105941116809845,0.2812958061695099,0.5817922353744507,-0.009047488681972027,0.3419821560382843,0.6050229072570801,-0.031173715367913246,0.3738929331302643,0.6416348218917847,-0.0533127561211586,0.3010192811489105,0.5144229531288147,-0.04384518042206764,0.3854997456073761,0.49290257692337036,-0.07607457041740417,0.4377524256706238,0.48830127716064453,-0.09456440806388855,0.4768068194389343,0.4910131096839905,-0.10615807771682739,0.28209641575813293,0.5610589981079102,-0.06895894557237625,0.37987515330314636,0.6801759004592896,-0.1031414344906807,0.3430580794811249,0.6888800859451294,-0.10190286487340927,0.30884259939193726,0.6575953960418701,-0.0981372594833374,0.25750139355659485,0.6265243291854858,-0.09208498895168304,0.3445274233818054,0.7399461269378662,-0.11794319748878479,0.3049888610839844,0.7308525443077087,-0.1007704958319664,0.27776965498924255,0.695046067237854,-0.08697306364774704,0.23146164417266846,0.6963667869567871,-0.11486658453941345,0.30894020199775696,0.7764021158218384,-0.12072990834712982,0.28008824586868286,0.7657241225242615,-0.09868194907903671,0.24935045838356018,0.732994794845581,-0.08246239274740219,Q
0.7787656784057617,0.5981358289718628,3.37680177153743e-07,0.7280158400535583,0.49517402052879333,-0.028978906571865082,0.6215404272079468,0.4495939612388611,-0.051796238869428635,0.5363486409187317,0.4644537568092346,-0.06421578675508499,0.47720956802368164,0.48514312505722046,-0.07647108286619186,0.650712251663208,0.49429166316986084,-0.10598741471767426,0.5264673233032227,0.5273016691207886,-0.13531167805194855,0.4710983633995056,0.5270333290100098,-0.14041626453399658,0.44155699014663696,0.5282515287399292,-0.13991831243038177,0.6618828773498535,0.5944288372993469,-0.1026783213019371,0.5132307410240173,0.5985873341560364,-0.13408255577087402,0.5349641442298889,0.5606774091720581,-0.12670063972473145,0.5871201157569885,0.5456340909004211,-0.1166788786649704,0.6701557040214539,0.6730076670646667,-0.09546136111021042,0.5430842638015747,0.6554756760597229,-0.11569321900606155,0.5702074766159058,0.6202375888824463,-0.0915960967540741,0.6111698150634766,0.6119834780693054,-0.07300099730491638,0.6728665828704834,0.7356526851654053,-0.08939595520496368,0.5709404349327087,0.7031897306442261,-0.10111875087022781,0.5952845811843872,0.6713093519210815,-0.08382022380828857,0.6284729838371277,0.6675967574119568,-0.0709899514913559,0.12308716773986816,0.6927239894866943,1.2735375776173896e-07,0.19175681471824646,0.6178226470947266,0.008043263107538223,0.27962541580200195,0.5837246179580688,-0.010362854227423668,0.3423738479614258,0.6077379584312439,-0.03340158611536026,0.3773810863494873,0.6436068415641785,-0.05638723075389862,0.30052006244659424,0.5136248469352722,-0.049401599913835526,0.38772818446159363,0.49236804246902466,-0.08418429642915726,0.44135820865631104,0.48912620544433594,-0.10382591187953949,0.4823475182056427,0.4936600625514984,-0.11588356643915176,0.2810002565383911,0.5606769323348999,-0.0750533863902092,0.38114407658576965,0.6792894005775452,-0.11075478792190552,0.3432208299636841,0.6881693601608276,-0.108646459877491,0.30870506167411804,0.6566224694252014,-0.10435232520103455,0.2560705542564392,0.6265978217124939,-0.09862226992845535,0.3463372588157654,0.7389383316040039,-0.12565362453460693,0.30563369393348694,0.7308748960494995,-0.10668083280324936,0.2774089574813843,0.695205807685852,-0.09166794270277023,0.22990208864212036,0.6973176002502441,-0.12180208414793015,0.3107416331768036,0.7763077020645142,-0.1279822140932083,0.2818501889705658,0.7671905755996704,-0.10463344305753708,0.25078970193862915,0.7347730994224548,-0.08758775889873505,Q
0.7777237892150879,0.6008433699607849,3.6300511396802904e-07,0.7278807163238525,0.49608516693115234,-0.02973271906375885,0.6217771172523499,0.45029014348983765,-0.05421710014343262,0.534468412399292,0.4638408422470093,-0.06791230291128159,0.4748806953430176,0.48265931010246277,-0.08136259019374847,0.6510440111160278,0.49355024099349976,-0.11039632558822632,0.5268130898475647,0.5229266285896301,-0.1419910341501236,0.47081029415130615,0.5232251286506653,-0.1484382450580597,0.44158729910850525,0.5271856784820557,-0.14853374660015106,0.6610790491104126,0.5952845215797424,-0.10667140036821365,0.5121095180511475,0.5968716144561768,-0.13919085264205933,0.5332896113395691,0.5569804310798645,-0.1315036118030548,0.5851172804832458,0.5418158769607544,-0.12134914845228195,0.6686341166496277,0.6741647124290466,-0.09890042990446091,0.541843056678772,0.6535030603408813,-0.11915795505046844,0.568021297454834,0.6172186136245728,-0.09388235211372375,0.6090924739837646,0.6094228029251099,-0.07476765662431717,0.6715026497840881,0.7363967895507812,-0.09233248233795166,0.5709459781646729,0.7018752098083496,-0.1034148558974266,0.5946729183197021,0.6695662140846252,-0.08519627898931503,0.6275524497032166,0.666644275188446,-0.07181908190250397,0.12208479642868042,0.6928767561912537,1.270026785959999e-07,0.1921350657939911,0.6174813508987427,0.007613594643771648,0.2808908224105835,0.584407389163971,-0.011078241281211376,0.3436886668205261,0.6113224029541016,-0.03449742868542671,0.3770807385444641,0.6514813303947449,-0.05778512358665466,0.30095046758651733,0.5133737325668335,-0.048996251076459885,0.3871819078922272,0.4911245107650757,-0.08357348293066025,0.44117510318756104,0.48855501413345337,-0.10320652276277542,0.48141956329345703,0.4939374029636383,-0.11517221480607986,0.2810550332069397,0.5608032941818237,-0.0744810476899147,0.37941551208496094,0.6784529685974121,-0.10945235192775726,0.3420976996421814,0.6873670816421509,-0.10738954693078995,0.3084760308265686,0.6562879085540771,-0.10334401577711105,0.2563245892524719,0.6267713308334351,-0.09797196835279465,0.3454170227050781,0.739020049571991,-0.12434738874435425,0.3053244650363922,0.7306547164916992,-0.10572701692581177,0.2776164412498474,0.6954802870750427,-0.0911107063293457,0.23060795664787292,0.6973402500152588,-0.12121675908565521,0.31089022755622864,0.7766339778900146,-0.12649959325790405,0.28241467475891113,0.7671763896942139,-0.1029960885643959,0.2512552738189697,0.7352994680404663,-0.08591515570878983,Q
0.7814534306526184,0.6025218963623047,3.326592548091867e-07,0.7318967580795288,0.4979954957962036,-0.029579831287264824,0.6265458464622498,0.45017945766448975,-0.05208182707428932,0.5402568578720093,0.4627293348312378,-0.06412605196237564,0.4815627336502075,0.48467177152633667,-0.07621188461780548,0.6500630974769592,0.49329644441604614,-0.1042608693242073,0.5291617512702942,0.5252863764762878,-0.1342342048883438,0.4738355278968811,0.5227535367012024,-0.14095285534858704,0.4434448182582855,0.5229758024215698,-0.14163997769355774,0.6594406366348267,0.5937749147415161,-0.10050482302904129,0.5158644914627075,0.5976631045341492,-0.13135245442390442,0.5384829640388489,0.5602034330368042,-0.12473262846469879,0.5900869369506836,0.5461763739585876,-0.11556380242109299,0.6678559184074402,0.6731918454170227,-0.09304667264223099,0.5450670719146729,0.6564148664474487,-0.11305780708789825,0.5717836022377014,0.6218824982643127,-0.08936673402786255,0.6126961708068848,0.6141924262046814,-0.07128885388374329,0.6719756722450256,0.7370018362998962,-0.08683361858129501,0.5729257464408875,0.7046591639518738,-0.09866828471422195,0.5974754095077515,0.6736928224563599,-0.08133944123983383,0.6308144330978394,0.6708762645721436,-0.0683855414390564,0.1234903335571289,0.6918562650680542,1.340992383802586e-07,0.19456475973129272,0.6177118420600891,0.00863696075975895,0.2838267982006073,0.5856325030326843,-0.010922502726316452,0.34566834568977356,0.6135834455490112,-0.035865865647792816,0.3753615915775299,0.6555510759353638,-0.061046116054058075,0.30189940333366394,0.5128694772720337,-0.046953994780778885,0.38803237676620483,0.4911569356918335,-0.08053724467754364,0.4414498507976532,0.48930785059928894,-0.10002098232507706,0.48120415210723877,0.49515146017074585,-0.11239892244338989,0.28176429867744446,0.5601844787597656,-0.07318538427352905,0.37863004207611084,0.678266704082489,-0.10881282389163971,0.34104660153388977,0.6883808374404907,-0.10786227136850357,0.30783236026763916,0.6577093005180359,-0.10456599295139313,0.2570701539516449,0.6266481280326843,-0.09710947424173355,0.345492422580719,0.7393456697463989,-0.12336026132106781,0.3049745261669159,0.7310479879379272,-0.10457277297973633,0.27707377076148987,0.6961771845817566,-0.0900178998708725,0.23173147439956665,0.6968367695808411,-0.1207229495048523,0.31131795048713684,0.7764527797698975,-0.12650109827518463,0.281575471162796,0.7670916318893433,-0.10310650616884232,0.2506123185157776,0.7357672452926636,-0.08606972545385361,Q
0.7805933952331543,0.5997101068496704,3.3200018378920504e-07,0.7301169633865356,0.4969978332519531,-0.02774161845445633,0.6254429221153259,0.449881911277771,-0.04911891371011734,0.5404139161109924,0.4627659320831299,-0.060688748955726624,0.4801965653896332,0.4832345247268677,-0.07214491069316864,0.6481765508651733,0.49580100178718567,-0.10205407440662384,0.5236161947250366,0.5300391316413879,-0.1311192810535431,0.4696623682975769,0.5265694260597229,-0.13697472214698792,0.4419819116592407,0.5246371626853943,-0.13672366738319397,0.6589059233665466,0.5964348912239075,-0.09862100332975388,0.5158306956291199,0.5997862815856934,-0.1286877542734146,0.5379799604415894,0.562186062335968,-0.12225329875946045,0.5895766019821167,0.5482866764068604,-0.11337880790233612,0.6681904792785645,0.6744415163993835,-0.09136225283145905,0.5451092720031738,0.6577227115631104,-0.10999337583780289,0.5716954469680786,0.624125063419342,-0.08664774894714355,0.6127873063087463,0.6166108250617981,-0.06924872100353241,0.6730402112007141,0.736709713935852,-0.08531594276428223,0.5742242336273193,0.7043579816818237,-0.09634018689393997,0.5986599326133728,0.6749756932258606,-0.07949760556221008,0.6319394707679749,0.6726285219192505,-0.06709082424640656,0.12492090463638306,0.6939464807510376,1.0348977497187661e-07,0.19630122184753418,0.619773268699646,0.008583483286201954,0.2859216332435608,0.5873857736587524,-0.009350902400910854,0.34688663482666016,0.6153101921081543,-0.03267407417297363,0.37865614891052246,0.6570543646812439,-0.05593951418995857,0.30381134152412415,0.5155000686645508,-0.04344857111573219,0.3872992694377899,0.49331605434417725,-0.0752568170428276,0.43771034479141235,0.48986220359802246,-0.09371817857027054,0.4748690128326416,0.49414288997650146,-0.10558700561523438,0.28364425897598267,0.5630838871002197,-0.06910660862922668,0.38038045167922974,0.6801978945732117,-0.10442274063825607,0.34291142225265503,0.6889644861221313,-0.1044718325138092,0.30895718932151794,0.658070981502533,-0.1015394777059555,0.25927042961120605,0.62903892993927,-0.09254684299230576,0.34638237953186035,0.7401887774467468,-0.11858145147562027,0.30627238750457764,0.731262743473053,-0.10109435766935349,0.2785734534263611,0.6963678002357483,-0.08705288916826248,0.23398664593696594,0.69826740026474,-0.11564688384532928,0.31316325068473816,0.7768654823303223,-0.12126326560974121,0.2845022678375244,0.7669504284858704,-0.09873384237289429,0.2542363405227661,0.7359393835067749,-0.08211416006088257,Q
0.7803922891616821,0.5980589389801025,3.3874525229293795e-07,0.7305247187614441,0.49407294392585754,-0.030572794377803802,0.6222226023674011,0.4500204026699066,-0.05400865525007248,0.5339140892028809,0.46451908349990845,-0.06642735004425049,0.4735065698623657,0.4852868318557739,-0.07869140803813934,0.6506338119506836,0.492270827293396,-0.1101963073015213,0.524880051612854,0.5259301066398621,-0.1410657912492752,0.47043919563293457,0.52281653881073,-0.14699332416057587,0.4420907497406006,0.5225849151611328,-0.14686369895935059,0.6618432402610779,0.5945981740951538,-0.10566909611225128,0.5158693790435791,0.5997992157936096,-0.13689573109149933,0.5393785834312439,0.5610567331314087,-0.12844271957874298,0.5911335945129395,0.5461615920066833,-0.1184249296784401,0.6712393760681152,0.6740856766700745,-0.09733646363019943,0.5464543104171753,0.6576209664344788,-0.11695011705160141,0.5745297074317932,0.6227661967277527,-0.09133299440145493,0.6157259345054626,0.6146228313446045,-0.07262489944696426,0.6759026646614075,0.7368833422660828,-0.09037801623344421,0.5761852264404297,0.7041703462600708,-0.10175258666276932,0.6015356779098511,0.6743284463882446,-0.0839066207408905,0.6344949007034302,0.6721530556678772,-0.07117152959108353,0.12371696531772614,0.6921085119247437,1.146570411947323e-07,0.19405034184455872,0.6185278296470642,0.00846676342189312,0.28232818841934204,0.5837468504905701,-0.009283963590860367,0.34429270029067993,0.608485758304596,-0.03227131441235542,0.37817835807800293,0.6461231112480164,-0.055222801864147186,0.302642822265625,0.5148032307624817,-0.04351801052689552,0.3870379328727722,0.49324727058410645,-0.07630462199449539,0.43963539600372314,0.48989802598953247,-0.0948672667145729,0.4785066843032837,0.4946041703224182,-0.10640539228916168,0.28333306312561035,0.5611809492111206,-0.06904099881649017,0.381678968667984,0.679908037185669,-0.10435110330581665,0.3440152108669281,0.6896740794181824,-0.10319685190916061,0.3095162510871887,0.657831609249115,-0.09913729131221771,0.2588147819042206,0.6267979145050049,-0.09258054941892624,0.34705135226249695,0.74015873670578,-0.11945481598377228,0.3061903715133667,0.7320139408111572,-0.10157623142004013,0.27783992886543274,0.695432186126709,-0.0869726911187172,0.23280128836631775,0.697155237197876,-0.11568807065486908,0.3115631639957428,0.7773244380950928,-0.12240243703126907,0.2823563516139984,0.7680779099464417,-0.10007048398256302,0.2519110441207886,0.7352919578552246,-0.08338285982608795,Q
0.7804295420646667,0.5984874367713928,3.3973884683291544e-07,0.7306368947029114,0.4940798878669739,-0.03095284104347229,0.6218683123588562,0.45009928941726685,-0.054307352751493454,0.5331928730010986,0.4648747146129608,-0.0665508285164833,0.47215425968170166,0.48598530888557434,-0.07870782911777496,0.6506029963493347,0.49237939715385437,-0.10998956114053726,0.5261168479919434,0.526160478591919,-0.14082610607147217,0.4709603488445282,0.5220988988876343,-0.14691679179668427,0.44182515144348145,0.5205976963043213,-0.1469663381576538,0.6617165207862854,0.5944246649742126,-0.10538706928491592,0.515989363193512,0.6000135540962219,-0.13671521842479706,0.5390572547912598,0.5614804625511169,-0.12857632339000702,0.5907735824584961,0.5468056201934814,-0.11873357743024826,0.6710944771766663,0.6738514304161072,-0.09701976925134659,0.5464723706245422,0.6577601432800293,-0.1170504242181778,0.5744314789772034,0.6228309273719788,-0.09176106005907059,0.6155672669410706,0.6147037744522095,-0.07312262058258057,0.6758111119270325,0.7366209030151367,-0.09002433717250824,0.575999915599823,0.7041995525360107,-0.10180361568927765,0.6012443900108337,0.6743323802947998,-0.08413559198379517,0.6342546939849854,0.6721906661987305,-0.07143548876047134,0.12328526377677917,0.6932175159454346,1.168298950915414e-07,0.19313979148864746,0.6194455027580261,0.008003470487892628,0.28168976306915283,0.5848838090896606,-0.009855669923126698,0.34424421191215515,0.609183669090271,-0.032813165336847305,0.37874096632003784,0.6453536748886108,-0.05563959851861,0.30240923166275024,0.5145893096923828,-0.0438896082341671,0.3870812952518463,0.4936821758747101,-0.07684572786092758,0.4396043121814728,0.4901369512081146,-0.0955268070101738,0.4786491394042969,0.4946100115776062,-0.10716714709997177,0.28312981128692627,0.561098039150238,-0.06927579641342163,0.3820522427558899,0.6791694760322571,-0.10478921979665756,0.34436094760894775,0.6887991428375244,-0.10367831587791443,0.30981746315956116,0.6575419306755066,-0.09962984919548035,0.258637934923172,0.6267808675765991,-0.09275554865598679,0.34735921025276184,0.7393521070480347,-0.1197633445262909,0.3063170313835144,0.7311639785766602,-0.1017971932888031,0.27787160873413086,0.6951120495796204,-0.08712618052959442,0.23267880082130432,0.6972861886024475,-0.1158677339553833,0.3118230700492859,0.7769039869308472,-0.12257616221904755,0.2825751006603241,0.7674643397331238,-0.10029052942991257,0.25209781527519226,0.7348542809486389,-0.08370636403560638,Q
0.7827029824256897,0.6005841493606567,3.4066056286974344e-07,0.7332635521888733,0.4947614073753357,-0.03028746508061886,0.6246299743652344,0.4513951539993286,-0.053487472236156464,0.5359824895858765,0.4652364253997803,-0.06571279466152191,0.4750528335571289,0.4858716130256653,-0.07803725451231003,0.652588427066803,0.49400120973587036,-0.10932324826717377,0.5295116901397705,0.5239518880844116,-0.14044438302516937,0.4720223546028137,0.5218727588653564,-0.14743085205554962,0.4410928189754486,0.5235613584518433,-0.14814803004264832,0.6625804901123047,0.5957560539245605,-0.10502319037914276,0.5159019231796265,0.5978097915649414,-0.1365218609571457,0.538608729839325,0.5598422884941101,-0.12902580201625824,0.5911946892738342,0.5469268560409546,-0.11946897953748703,0.6712815761566162,0.6747511625289917,-0.09679974615573883,0.5451973676681519,0.657181978225708,-0.11668165028095245,0.5732694864273071,0.6228036880493164,-0.09146557003259659,0.6153559684753418,0.6157312393188477,-0.07279018312692642,0.6760010719299316,0.7366873621940613,-0.08987423032522202,0.5746988654136658,0.7042739391326904,-0.10130733251571655,0.5999964475631714,0.6751196384429932,-0.08325856178998947,0.6339380145072937,0.6735902428627014,-0.07025125622749329,0.12333579361438751,0.6943295001983643,1.2022140083445265e-07,0.1937059760093689,0.6208856105804443,0.007857619784772396,0.2822711765766144,0.5863686800003052,-0.010058613494038582,0.34423959255218506,0.6105409264564514,-0.0331854522228241,0.3773576319217682,0.6466846466064453,-0.05626843497157097,0.3033345639705658,0.5150758624076843,-0.042976245284080505,0.38829636573791504,0.494251012802124,-0.07564812898635864,0.44043204188346863,0.48970547318458557,-0.09424114227294922,0.47964712977409363,0.49275368452072144,-0.10596923530101776,0.28419846296310425,0.5611913204193115,-0.06838452070951462,0.3826870322227478,0.6793230175971985,-0.10363872349262238,0.3442300856113434,0.6885635852813721,-0.10244010388851166,0.30979636311531067,0.6573275327682495,-0.09836580604314804,0.25939008593559265,0.6267045736312866,-0.09196029603481293,0.34716546535491943,0.7389768362045288,-0.11881712079048157,0.3059816062450409,0.7304582595825195,-0.10096917301416397,0.278102308511734,0.69474196434021,-0.0864582359790802,0.2330312728881836,0.6968995332717896,-0.11521927267313004,0.31102657318115234,0.7758622169494629,-0.12177897244691849,0.2814842760562897,0.7661089897155762,-0.09951674193143845,0.25115373730659485,0.7335946559906006,-0.08305960148572922,Q
0.7809104323387146,0.5970016717910767,3.4683455396589125e-07,0.7305283546447754,0.4929169714450836,-0.029955249279737473,0.6234623789787292,0.44884127378463745,-0.053725842386484146,0.5365731716156006,0.4650120139122009,-0.06669919192790985,0.4774390757083893,0.4861573874950409,-0.07945026457309723,0.6521902084350586,0.4920922815799713,-0.11045211553573608,0.5243427157402039,0.5278348326683044,-0.1419983208179474,0.4717881381511688,0.5224383473396301,-0.1484704613685608,0.44804686307907104,0.518584132194519,-0.14806915819644928,0.6630213260650635,0.5935599207878113,-0.10576232522726059,0.5177392959594727,0.5979209542274475,-0.13668511807918549,0.5387669205665588,0.5606356859207153,-0.12871623039245605,0.5906820297241211,0.5466643571853638,-0.11905323714017868,0.6714125871658325,0.6728965640068054,-0.09721795469522476,0.5470467805862427,0.655800998210907,-0.1160392090678215,0.5729818940162659,0.621701180934906,-0.09162357449531555,0.6141398549079895,0.613965630531311,-0.07379215955734253,0.6746958494186401,0.7368568778038025,-0.08992964029312134,0.5754456520080566,0.7034468054771423,-0.10073471069335938,0.5994168519973755,0.6731683611869812,-0.08358979225158691,0.6320757865905762,0.6700326204299927,-0.07120277732610703,0.12308605015277863,0.6949591040611267,1.1733758498166935e-07,0.19378671050071716,0.6215059757232666,0.008599667809903622,0.28269755840301514,0.5874054431915283,-0.009447643533349037,0.3449716567993164,0.6126154065132141,-0.032814089208841324,0.37864261865615845,0.650875985622406,-0.056142158806324005,0.30335545539855957,0.5149641036987305,-0.043990809470415115,0.38847798109054565,0.49392545223236084,-0.07742101699113846,0.44148921966552734,0.48948216438293457,-0.09656649827957153,0.48193931579589844,0.4932088255882263,-0.10862668603658676,0.2837643027305603,0.560967206954956,-0.0701485276222229,0.382668673992157,0.6810159683227539,-0.10595834255218506,0.3441128134727478,0.6896875500679016,-0.10475987195968628,0.3096385598182678,0.6580598950386047,-0.10078901052474976,0.2588505148887634,0.6262941360473633,-0.09441264718770981,0.34756624698638916,0.7411497235298157,-0.12159720808267593,0.3060615062713623,0.7317959070205688,-0.10360278934240341,0.27801036834716797,0.6953246593475342,-0.08907296508550644,0.2326056957244873,0.6965792179107666,-0.11832709610462189,0.31174278259277344,0.7777627110481262,-0.124897301197052,0.282055139541626,0.767821729183197,-0.1024712324142456,0.2515346109867096,0.7350779175758362,-0.08596395701169968,Q
0.780420184135437,0.601381242275238,3.448607799327874e-07,0.7308593988418579,0.4976629614830017,-0.029425421729683876,0.6240543723106384,0.44969460368156433,-0.051888301968574524,0.5369685888290405,0.46187418699264526,-0.06358828395605087,0.47764790058135986,0.48126307129859924,-0.07522670924663544,0.6497568488121033,0.4925409257411957,-0.10875242948532104,0.5237616300582886,0.5246669054031372,-0.13858412206172943,0.47029682993888855,0.5207639336585999,-0.1438056379556656,0.44352012872695923,0.5187541246414185,-0.14301346242427826,0.6604509353637695,0.594467043876648,-0.10391023755073547,0.5168631076812744,0.5967786908149719,-0.13368064165115356,0.5394336581230164,0.5600311756134033,-0.12493223696947098,0.5906731486320496,0.5455568432807922,-0.11476115137338638,0.6692259311676025,0.6739528179168701,-0.09517289698123932,0.5464344620704651,0.6553728580474854,-0.11328468471765518,0.5735794901847839,0.6221014261245728,-0.08858564496040344,0.614611804485321,0.6140100359916687,-0.07062844932079315,0.6733554601669312,0.7377821207046509,-0.08771335333585739,0.5756660103797913,0.7034879922866821,-0.09829867631196976,0.5998615026473999,0.6743639707565308,-0.08138378709554672,0.6320362091064453,0.6720183491706848,-0.06918738037347794,0.12241198122501373,0.6925212144851685,1.190178480214854e-07,0.19455841183662415,0.6205288171768188,0.008344567380845547,0.28365492820739746,0.5876374244689941,-0.010262053459882736,0.3455878496170044,0.6140905022621155,-0.03425286337733269,0.3782762289047241,0.6529128551483154,-0.05831269547343254,0.3031822144985199,0.5153059959411621,-0.044585179537534714,0.3884229063987732,0.4939671456813812,-0.07777344435453415,0.4419912099838257,0.4897914528846741,-0.09670460224151611,0.48222076892852783,0.4936050772666931,-0.10867168009281158,0.2834390103816986,0.5612048506736755,-0.07064536958932877,0.3809494376182556,0.6813269257545471,-0.10615009069442749,0.3427949547767639,0.6909652948379517,-0.105232372879982,0.3091689348220825,0.6590811014175415,-0.1016426756978035,0.25837376713752747,0.6268479228019714,-0.09467718005180359,0.34650522470474243,0.7416543960571289,-0.12176726758480072,0.3055391013622284,0.7331669330596924,-0.10393290966749191,0.27801427245140076,0.6965875029563904,-0.08961749076843262,0.23228883743286133,0.6972693204879761,-0.11833618581295013,0.3113577961921692,0.7783348560333252,-0.125050887465477,0.2822023630142212,0.7689001560211182,-0.10259712487459183,0.25217515230178833,0.7361607551574707,-0.08603563159704208,Q
0.7801308631896973,0.5996650457382202,3.3360328188791755e-07,0.7308286428451538,0.49530115723609924,-0.029078945517539978,0.6237754821777344,0.44873476028442383,-0.05156126990914345,0.537263035774231,0.4615398943424225,-0.06386084109544754,0.47829747200012207,0.48433583974838257,-0.07606149464845657,0.6498029232025146,0.4932165741920471,-0.1048114225268364,0.5236680507659912,0.5254797339439392,-0.13498897850513458,0.47027963399887085,0.5241940021514893,-0.14114074409008026,0.4448079466819763,0.5253806114196777,-0.14076319336891174,0.6606099009513855,0.5944324135780334,-0.10075262188911438,0.5171806216239929,0.5976297855377197,-0.13109555840492249,0.5390481352806091,0.5608907341957092,-0.12383060157299042,0.5906651020050049,0.5471056699752808,-0.1144229844212532,0.6693956255912781,0.6737511157989502,-0.09307383000850677,0.5458467602729797,0.6560022234916687,-0.11215994507074356,0.5720579028129578,0.6222003102302551,-0.08859749883413315,0.6129364967346191,0.6140395402908325,-0.07093635201454163,0.6730839610099792,0.7370567321777344,-0.0866188108921051,0.5740612745285034,0.7033705711364746,-0.0976661965250969,0.5977287292480469,0.673390805721283,-0.08084544539451599,0.6304307579994202,0.6705647110939026,-0.0685020387172699,0.12306267023086548,0.6946204304695129,1.181250581794302e-07,0.19298535585403442,0.6211773157119751,0.00830721016973257,0.28073766827583313,0.5864526629447937,-0.009912082925438881,0.3432886004447937,0.6097434163093567,-0.03305509313941002,0.3788703680038452,0.6448608040809631,-0.056093692779541016,0.30163872241973877,0.5156844854354858,-0.04717565327882767,0.38852736353874207,0.49214431643486023,-0.08122798055410385,0.443167507648468,0.4877943992614746,-0.10011791437864304,0.48469221591949463,0.49254822731018066,-0.11163724213838577,0.28190848231315613,0.5615469217300415,-0.0727897360920906,0.38167333602905273,0.6810949444770813,-0.10851804912090302,0.34318748116493225,0.6905496120452881,-0.10658501088619232,0.30915358662605286,0.6588058471679688,-0.1020730659365654,0.2573637068271637,0.626996636390686,-0.09636224061250687,0.34656020998954773,0.7415598630905151,-0.12343740463256836,0.3052416145801544,0.7328713536262512,-0.10497326403856277,0.2773194909095764,0.6960572600364685,-0.09011328965425491,0.2316339910030365,0.6975178718566895,-0.11949004232883453,0.3110819160938263,0.7781475782394409,-0.1258465051651001,0.2818968594074249,0.7687811255455017,-0.10304390639066696,0.25165337324142456,0.7356393933296204,-0.0861726701259613,Q
0.7822878956794739,0.6032133102416992,3.5343035165169567e-07,0.7324623465538025,0.498605877161026,-0.030834926292300224,0.6250755190849304,0.45281463861465454,-0.05395637825131416,0.5368845462799072,0.46415525674819946,-0.06598620861768723,0.47808676958084106,0.48529866337776184,-0.07819339632987976,0.6543190479278564,0.49583178758621216,-0.1088830903172493,0.5350335240364075,0.52129065990448,-0.13882699608802795,0.47773510217666626,0.5233440399169922,-0.14486132562160492,0.444498747587204,0.5301291346549988,-0.14542287588119507,0.6631907224655151,0.5972054600715637,-0.10432906448841095,0.518143355846405,0.5969930291175842,-0.13507293164730072,0.5387986302375793,0.5586508512496948,-0.12761324644088745,0.5886411666870117,0.5447877049446106,-0.11822975426912308,0.670433759689331,0.6769211292266846,-0.09583093971014023,0.5456223487854004,0.6559084057807922,-0.11605089157819748,0.571906566619873,0.620159924030304,-0.09213607758283615,0.6124377846717834,0.6124038100242615,-0.07406501471996307,0.6733940243721008,0.7394989728927612,-0.08857730031013489,0.5735044479370117,0.7039409279823303,-0.10055568814277649,0.5971760153770447,0.6719455718994141,-0.0835830420255661,0.6303211450576782,0.6693412661552429,-0.07115660607814789,0.12262627482414246,0.6915067434310913,1.1999586035926768e-07,0.1955944150686264,0.6183155179023743,0.008274228312075138,0.28557223081588745,0.5874496698379517,-0.010832821018993855,0.3470594882965088,0.6165439486503601,-0.035425685346126556,0.3768649399280548,0.6580750942230225,-0.06012837588787079,0.30275699496269226,0.515392541885376,-0.044246260076761246,0.38777241110801697,0.4942588806152344,-0.07657748460769653,0.4404767155647278,0.4897570013999939,-0.09539848566055298,0.47975578904151917,0.49265265464782715,-0.10762352496385574,0.2829080820083618,0.56275475025177,-0.07036156952381134,0.3789893388748169,0.6798452734947205,-0.1059349924325943,0.34164583683013916,0.6897610425949097,-0.1057845801115036,0.3080650269985199,0.6593688130378723,-0.10279238224029541,0.2581300735473633,0.6293895244598389,-0.09428152441978455,0.34519609808921814,0.741799533367157,-0.12073734402656555,0.3053070306777954,0.733396589756012,-0.10287856310606003,0.27766844630241394,0.6982046365737915,-0.08869341015815735,0.23246663808822632,0.6997642517089844,-0.1179332509636879,0.3114241659641266,0.778710126876831,-0.12405533343553543,0.2830051779747009,0.7691895365715027,-0.10139887779951096,0.25286009907722473,0.7379716038703918,-0.0847705751657486,Q
0.7805843353271484,0.5979247689247131,3.3543193467266974e-07,0.7307770848274231,0.4950914978981018,-0.030174272134900093,0.6223888993263245,0.4521287977695465,-0.05265829712152481,0.5352214574813843,0.4677669405937195,-0.06441543251276016,0.47506511211395264,0.48601266741752625,-0.07614436745643616,0.6516307592391968,0.492478609085083,-0.10672468692064285,0.5288667678833008,0.5253428220748901,-0.13659292459487915,0.47367599606513977,0.5231376886367798,-0.14222204685211182,0.44470566511154175,0.5223826766014099,-0.14183758199214935,0.6625144481658936,0.593673825263977,-0.10186108946800232,0.5176373720169067,0.5979220271110535,-0.13272948563098907,0.5394365191459656,0.5616450309753418,-0.125200092792511,0.5910033583641052,0.546440064907074,-0.11537571251392365,0.670329213142395,0.672767162322998,-0.09323792159557343,0.5459656119346619,0.6542580127716064,-0.11361296474933624,0.573036789894104,0.6219412684440613,-0.09028355777263641,0.6142628788948059,0.6139891147613525,-0.07225505262613297,0.672701895236969,0.7366542220115662,-0.08577258884906769,0.5732970237731934,0.7027413845062256,-0.09803897887468338,0.5981292128562927,0.6741151809692383,-0.08179350197315216,0.631549596786499,0.6715217232704163,-0.06960071623325348,0.12409493327140808,0.6914781332015991,1.3709579604892497e-07,0.19636356830596924,0.6191632747650146,0.008952722884714603,0.28610166907310486,0.5895054936408997,-0.010510463267564774,0.34778591990470886,0.6189776659011841,-0.035441748797893524,0.37852174043655396,0.6592085361480713,-0.06046568229794502,0.30323925614356995,0.5155950784683228,-0.0464092493057251,0.3884733319282532,0.4926597476005554,-0.07951034605503082,0.4417122006416321,0.4892294406890869,-0.09791829437017441,0.48078516125679016,0.4947071671485901,-0.10941988974809647,0.2826308310031891,0.5624581575393677,-0.07277202606201172,0.38071614503860474,0.6804744601249695,-0.10868125408887863,0.3427447974681854,0.6898292899131775,-0.10697101056575775,0.30885761976242065,0.6588709354400635,-0.10261119157075882,0.25711941719055176,0.6287955641746521,-0.09684377908706665,0.34622693061828613,0.7416543364524841,-0.12351416051387787,0.30602747201919556,0.7329671382904053,-0.1041487604379654,0.27818775177001953,0.6978433728218079,-0.0888245552778244,0.23075006902217865,0.6990167498588562,-0.12049209326505661,0.31068873405456543,0.7780994176864624,-0.12648600339889526,0.28193292021751404,0.768019437789917,-0.10285831987857819,0.2520826458930969,0.7359342575073242,-0.0855737254023552,Q
0.7820935845375061,0.6005102396011353,3.6779420042876154e-07,0.7332063317298889,0.4957667887210846,-0.03011050447821617,0.6273826360702515,0.45013150572776794,-0.05361756682395935,0.5408191680908203,0.4633840024471283,-0.06600992381572723,0.4799761176109314,0.47755154967308044,-0.07861759513616562,0.6531343460083008,0.4930240213871002,-0.11133794486522675,0.5316473245620728,0.5227608680725098,-0.140772745013237,0.47474104166030884,0.5213274955749512,-0.14606140553951263,0.44157928228378296,0.523769736289978,-0.14601530134677887,0.66289222240448,0.5949540138244629,-0.10653696954250336,0.5176975727081299,0.5950062274932861,-0.13589851558208466,0.5378937721252441,0.5556938052177429,-0.12707623839378357,0.5872443914413452,0.5412833094596863,-0.11722826957702637,0.6708717346191406,0.6742956042289734,-0.09750358015298843,0.5451596975326538,0.6530633568763733,-0.11585202068090439,0.5708677768707275,0.617633044719696,-0.09070349484682083,0.6111565828323364,0.6099546551704407,-0.07251430302858353,0.6744575500488281,0.7373412847518921,-0.08966930955648422,0.5737148523330688,0.7013605237007141,-0.10073936730623245,0.5969886779785156,0.6698976159095764,-0.08325338363647461,0.6293437480926514,0.667361855506897,-0.07064885646104813,0.12326157093048096,0.6913183927536011,1.3198391002333665e-07,0.1957612931728363,0.6185052990913391,0.008739983662962914,0.2857166528701782,0.5873069763183594,-0.01062878966331482,0.3477497100830078,0.6154236793518066,-0.03533117473125458,0.3782739043235779,0.6558800935745239,-0.0601818710565567,0.3035002052783966,0.5159522294998169,-0.047142498195171356,0.3882949948310852,0.4932766556739807,-0.08085942268371582,0.44145190715789795,0.4883102774620056,-0.09972168505191803,0.4811972379684448,0.4921267628669739,-0.11145517230033875,0.2831243872642517,0.5618332028388977,-0.07356825470924377,0.38131293654441833,0.6805917024612427,-0.10931704938411713,0.3431553244590759,0.6898431777954102,-0.1073201522231102,0.3094167411327362,0.658941388130188,-0.10278607159852982,0.257468581199646,0.6271202564239502,-0.09779911488294601,0.34604495763778687,0.7405006289482117,-0.12466993927955627,0.30566924810409546,0.7321512699127197,-0.10560422390699387,0.27831923961639404,0.6969764828681946,-0.0903918519616127,0.2309311479330063,0.6970901489257812,-0.12162575125694275,0.31077221035957336,0.7769319415092468,-0.12736444175243378,0.2824532985687256,0.7675995230674744,-0.1036873310804367,0.25272583961486816,0.7358269691467285,-0.08640912175178528,Q
0.7826451659202576,0.5976223349571228,3.4585096386763325e-07,0.7321233749389648,0.4953029155731201,-0.029679227620363235,0.6260096430778503,0.44966787099838257,-0.05359216406941414,0.5388820171356201,0.4617624878883362,-0.06645850092172623,0.47924816608428955,0.484027236700058,-0.07964928448200226,0.6548036336898804,0.4920710623264313,-0.11168782413005829,0.533301591873169,0.5221631526947021,-0.14190466701984406,0.4772067666053772,0.5250874757766724,-0.14786218106746674,0.44516873359680176,0.5319958925247192,-0.14815552532672882,0.6649373173713684,0.5933762192726135,-0.10768595337867737,0.5186747908592224,0.5967481732368469,-0.13748538494110107,0.5385041236877441,0.5594651699066162,-0.12889325618743896,0.5879276990890503,0.5454623699188232,-0.11933588981628418,0.6727869510650635,0.6733414530754089,-0.09950320422649384,0.5459188222885132,0.6548759937286377,-0.11843506991863251,0.5715774297714233,0.6203653216362,-0.0933719351887703,0.6116651892662048,0.6124668717384338,-0.07521701604127884,0.6758962273597717,0.7368757724761963,-0.09247731417417526,0.5748353600502014,0.703153133392334,-0.1036718487739563,0.5984400510787964,0.6719825267791748,-0.08583704382181168,0.6310542225837708,0.6691178679466248,-0.0730801671743393,0.12308037281036377,0.6921229362487793,1.2708960639429279e-07,0.1954573690891266,0.619442880153656,0.008866306394338608,0.2853541374206543,0.5879240036010742,-0.010422875173389912,0.34743571281433105,0.6158572435379028,-0.03520524129271507,0.3783447742462158,0.6557899713516235,-0.06010466068983078,0.3031444549560547,0.5159801244735718,-0.0458107553422451,0.3875943422317505,0.49363088607788086,-0.07905101776123047,0.4400392770767212,0.4881059527397156,-0.09761185944080353,0.4793410301208496,0.4913564920425415,-0.10928573459386826,0.2828928232192993,0.5617825984954834,-0.07235370576381683,0.38145899772644043,0.6802708506584167,-0.10830527544021606,0.34297725558280945,0.6894070506095886,-0.10644702613353729,0.3088570535182953,0.658458411693573,-0.10186440497636795,0.25732913613319397,0.6271295547485352,-0.09674718976020813,0.3460358679294586,0.7398235201835632,-0.12375214695930481,0.30540552735328674,0.7315157055854797,-0.10465587675571442,0.27781009674072266,0.6964638829231262,-0.08935466408729553,0.23076242208480835,0.6971387267112732,-0.12074149399995804,0.31045714020729065,0.7765577435493469,-0.12670791149139404,0.2817918360233307,0.767126739025116,-0.10322978347539902,0.2520926594734192,0.7354423999786377,-0.08608335256576538,Q
0.78052818775177,0.5955528616905212,3.3678517752377957e-07,0.7287651896476746,0.49482059478759766,-0.027171719819307327,0.6225240230560303,0.4525455832481384,-0.050163693726062775,0.534469485282898,0.4632694125175476,-0.06255284696817398,0.4750085473060608,0.48536351323127747,-0.07545215636491776,0.6515740156173706,0.4902145266532898,-0.11056309938430786,0.5281808376312256,0.524390697479248,-0.14041218161582947,0.4739508330821991,0.5242536664009094,-0.1458730250597,0.4454866647720337,0.526584267616272,-0.1455332636833191,0.6626284122467041,0.5904204845428467,-0.1069464236497879,0.518128514289856,0.5980934500694275,-0.1352664977312088,0.5378432273864746,0.5613537430763245,-0.12572014331817627,0.5874571204185486,0.5464237928390503,-0.11598184704780579,0.6716857552528381,0.6701581478118896,-0.09897072613239288,0.5473836064338684,0.6556059122085571,-0.11593103408813477,0.5721085071563721,0.6223424673080444,-0.09041640907526016,0.6120901107788086,0.6139704585075378,-0.07258431613445282,0.6761929988861084,0.7345542311668396,-0.09197584539651871,0.5778449177742004,0.7044272422790527,-0.1015334203839302,0.6003605723381042,0.6746072173118591,-0.08354593813419342,0.6320555806159973,0.6712299585342407,-0.07102818787097931,0.12431956827640533,0.6909810900688171,1.2930343018524582e-07,0.19554127752780914,0.6189445853233337,0.00762120820581913,0.2840622067451477,0.5858340859413147,-0.010815232060849667,0.3460199534893036,0.6107965707778931,-0.03423589840531349,0.37823694944381714,0.6470928192138672,-0.05751262232661247,0.303556352853775,0.5148445963859558,-0.04565008729696274,0.3894112706184387,0.4921237528324127,-0.07929526269435883,0.44303205609321594,0.48812371492385864,-0.09821385145187378,0.48409581184387207,0.49363023042678833,-0.10995855182409286,0.28357619047164917,0.5610648393630981,-0.07122885435819626,0.38329118490219116,0.6804158687591553,-0.10729657113552094,0.34447988867759705,0.6888822913169861,-0.10579609125852585,0.30983766913414,0.6577745676040649,-0.10140202194452286,0.2584504187107086,0.6266761422157288,-0.09492655098438263,0.34765270352363586,0.7402024865150452,-0.12209849804639816,0.306217759847641,0.7299412488937378,-0.10379328578710556,0.27797698974609375,0.6932927370071411,-0.08895020186901093,0.2320072501897812,0.697128415107727,-0.11833054572343826,0.3111330568790436,0.7763609886169434,-0.12488339096307755,0.28174012899398804,0.7651981115341187,-0.10234642773866653,0.2512478232383728,0.7317008972167969,-0.08570573478937149,Q
0.7825514078140259,0.6011440753936768,3.5427976285973273e-07,0.7321316003799438,0.4967425465583801,-0.029026661068201065,0.6254917979240417,0.45277124643325806,-0.05228477343916893,0.5372660756111145,0.46412843465805054,-0.06441251933574677,0.476169615983963,0.4828823506832123,-0.07712694257497787,0.6535053849220276,0.4924914538860321,-0.1122283935546875,0.5342680215835571,0.5238037109375,-0.1419944167137146,0.4778744578361511,0.524249255657196,-0.1477474570274353,0.4454854726791382,0.527935802936554,-0.14816127717494965,0.6636251211166382,0.5939126014709473,-0.10829706490039825,0.5182379484176636,0.5983079671859741,-0.13737012445926666,0.5374189019203186,0.5586920380592346,-0.12872198224067688,0.5865785479545593,0.5430625081062317,-0.11942163854837418,0.6721009612083435,0.6737480163574219,-0.09999792277812958,0.5458691120147705,0.6559352278709412,-0.118416927754879,0.5709302425384521,0.6196160912513733,-0.09348446130752563,0.6109172105789185,0.6109439730644226,-0.07565265148878098,0.6763090491294861,0.7368547916412354,-0.09273164719343185,0.5758488178253174,0.7038900852203369,-0.10384591668844223,0.5982664227485657,0.6715521812438965,-0.08623480051755905,0.6302024722099304,0.6681194305419922,-0.0737224817276001,0.12484399974346161,0.6926237940788269,1.1440455693900731e-07,0.1955525428056717,0.6176847219467163,0.008583598770201206,0.2839805483818054,0.5831099152565002,-0.009107365272939205,0.3449895679950714,0.6067532300949097,-0.03187571465969086,0.37712541222572327,0.6435019969940186,-0.0545850470662117,0.3046029508113861,0.5157210826873779,-0.046076927334070206,0.38971489667892456,0.4932249188423157,-0.07991600036621094,0.4427552819252014,0.4886913299560547,-0.09888938069343567,0.4824047088623047,0.49335652589797974,-0.11042452603578568,0.2848106026649475,0.5623264312744141,-0.0717991292476654,0.3828280568122864,0.6813462972640991,-0.10702326893806458,0.34489506483078003,0.6886449456214905,-0.10512498021125793,0.3109845221042633,0.6565244197845459,-0.10069924592971802,0.2599906027317047,0.6275299787521362,-0.09554331004619598,0.3472431004047394,0.740065336227417,-0.12219748646020889,0.30648523569107056,0.7297587990760803,-0.10422219336032867,0.27890896797180176,0.6931798458099365,-0.08969686925411224,0.23379641771316528,0.6969844102859497,-0.11887909471988678,0.3119046688079834,0.7764856219291687,-0.12466864287853241,0.2833033502101898,0.7658986449241638,-0.10193343460559845,0.253083199262619,0.7333082556724548,-0.08517052233219147,Q
0.7830288410186768,0.5985869765281677,3.4341681498517573e-07,0.7313753962516785,0.4952313303947449,-0.02867058292031288,0.6245692372322083,0.4503428041934967,-0.05131498724222183,0.5380051732063293,0.4623458981513977,-0.06339065730571747,0.47836238145828247,0.4841814637184143,-0.07600925862789154,0.6519854068756104,0.4932626187801361,-0.10674262791872025,0.5337592363357544,0.5251938104629517,-0.13540412485599518,0.4770113229751587,0.5273926258087158,-0.14117835462093353,0.4442598819732666,0.532528281211853,-0.14169281721115112,0.6632313132286072,0.5941026210784912,-0.10342478007078171,0.5182651877403259,0.5996472239494324,-0.13269543647766113,0.5385177135467529,0.5611792206764221,-0.12532956898212433,0.5892067551612854,0.5460693836212158,-0.11637234687805176,0.6725925207138062,0.6736737489700317,-0.09594116359949112,0.5467767119407654,0.6571530103683472,-0.11528024822473526,0.5719659924507141,0.6215988993644714,-0.09165232628583908,0.6125034689903259,0.6128158569335938,-0.07402656972408295,0.6771261692047119,0.7368202209472656,-0.08944542706012726,0.5753980278968811,0.7053311467170715,-0.10107352584600449,0.5982561707496643,0.6731305718421936,-0.08365532010793686,0.6312768459320068,0.669054388999939,-0.0709526538848877,0.12443427741527557,0.6926736831665039,1.1620599593697989e-07,0.19531358778476715,0.6180005073547363,0.009062289260327816,0.2836446762084961,0.5830790400505066,-0.008621796034276485,0.3448689877986908,0.6061050891876221,-0.031445782631635666,0.3774958848953247,0.6424682140350342,-0.05424400791525841,0.3042408227920532,0.5158835649490356,-0.04583365097641945,0.3895220458507538,0.49279069900512695,-0.07959095388650894,0.44296979904174805,0.48812687397003174,-0.09846136718988419,0.4832153022289276,0.4925806224346161,-0.10996293276548386,0.2845621705055237,0.5621904134750366,-0.07176598161458969,0.38301220536231995,0.6813898682594299,-0.10706648230552673,0.34500208497047424,0.6893563866615295,-0.10512980818748474,0.31083571910858154,0.6573237776756287,-0.10062975436449051,0.25965356826782227,0.6273074746131897,-0.09565132111310959,0.3472312390804291,0.7406513094902039,-0.12236529588699341,0.3066505789756775,0.7308776378631592,-0.10428906232118607,0.27907299995422363,0.6940943598747253,-0.08968491852283478,0.23327387869358063,0.6968819499015808,-0.11905776709318161,0.31172627210617065,0.7769086360931396,-0.12491942197084427,0.2832348048686981,0.7668243646621704,-0.10213536769151688,0.2531110942363739,0.7339359521865845,-0.08533535152673721,Q
0.7837536334991455,0.5972697138786316,3.729609829861147e-07,0.7317198514938354,0.49395987391471863,-0.03135412558913231,0.6247947812080383,0.4483430087566376,-0.05567367374897003,0.5373381972312927,0.4639017879962921,-0.06865666806697845,0.47867798805236816,0.48863184452056885,-0.08172568678855896,0.6562086939811707,0.4948117733001709,-0.1123538687825203,0.5379224419593811,0.5229350328445435,-0.1430017352104187,0.4801483452320099,0.5244576334953308,-0.14981916546821594,0.4457002878189087,0.5295807719230652,-0.1510690599679947,0.6668806672096252,0.5962981581687927,-0.10806874185800552,0.5194422006607056,0.597663402557373,-0.1397627890110016,0.5378516912460327,0.5572912693023682,-0.13305385410785675,0.5870672464370728,0.5408875346183777,-0.1243002861738205,0.6745281219482422,0.6750981211662292,-0.09957986325025558,0.5450813174247742,0.654137372970581,-0.1200694888830185,0.5686504244804382,0.6166780591011047,-0.09624399244785309,0.6089056134223938,0.6073073744773865,-0.07830996811389923,0.6769371032714844,0.7366489171981812,-0.09239838272333145,0.5724701881408691,0.7022514939308167,-0.1043645516037941,0.594296932220459,0.669108510017395,-0.08721575886011124,0.6277717351913452,0.6653727889060974,-0.0747389942407608,0.12533503770828247,0.6924163699150085,1.207598927521758e-07,0.19676616787910461,0.6184774041175842,0.0096173956990242,0.2854471802711487,0.5862435102462769,-0.009271621704101562,0.34713423252105713,0.6124447584152222,-0.03335306793451309,0.3791450262069702,0.6511948108673096,-0.0576033778488636,0.30423906445503235,0.5164548754692078,-0.04906022176146507,0.3909037113189697,0.49275141954421997,-0.08367475122213364,0.44512850046157837,0.4894782602787018,-0.1027548760175705,0.4855307638645172,0.4950415790081024,-0.11423834413290024,0.2838689088821411,0.5628243088722229,-0.07556398212909698,0.3826427459716797,0.6808404922485352,-0.11086484789848328,0.3447552025318146,0.6899827718734741,-0.10818784683942795,0.3112703859806061,0.6587286591529846,-0.10349638015031815,0.2587670385837555,0.6283523440361023,-0.0997738465666771,0.3477005064487457,0.7415021657943726,-0.12640276551246643,0.3069748282432556,0.7319831848144531,-0.10741545259952545,0.27939945459365845,0.6956684589385986,-0.09245903044939041,0.2328946888446808,0.698361337184906,-0.12339148670434952,0.31284070014953613,0.7775082588195801,-0.1289237141609192,0.2842103838920593,0.7675063610076904,-0.10520841181278229,0.2538841962814331,0.7349113821983337,-0.08794662356376648,Q
0.7810702323913574,0.5988225340843201,3.8425747561632306e-07,0.7318443655967712,0.49622291326522827,-0.03377007320523262,0.6246938109397888,0.4497721791267395,-0.05949882045388222,0.5360642671585083,0.4648309350013733,-0.07275044918060303,0.47543278336524963,0.483705997467041,-0.08604317903518677,0.6553249955177307,0.4913657605648041,-0.11890584230422974,0.5355054140090942,0.5191795229911804,-0.14994269609451294,0.47442010045051575,0.5202026963233948,-0.156009703874588,0.4341243505477905,0.5256714224815369,-0.15702703595161438,0.6666481494903564,0.593844473361969,-0.11363047361373901,0.5166535973548889,0.5945708155632019,-0.146855890750885,0.5382021069526672,0.5551577806472778,-0.13881248235702515,0.5883355140686035,0.5397397875785828,-0.1286800354719162,0.674440860748291,0.6737072467803955,-0.10391267389059067,0.5445370674133301,0.6527259349822998,-0.1254785656929016,0.5707331299781799,0.6159085035324097,-0.09985263645648956,0.6114300489425659,0.6067081689834595,-0.08044244349002838,0.677063524723053,0.736980140209198,-0.09558593481779099,0.5724804401397705,0.7029192447662354,-0.10798683762550354,0.5966125130653381,0.670168399810791,-0.08987076580524445,0.6304776668548584,0.6660230159759521,-0.07670684903860092,0.12484802305698395,0.6896899938583374,1.3241998431112734e-07,0.19767171144485474,0.6178533434867859,0.00874693039804697,0.2877044379711151,0.5882124900817871,-0.01058114692568779,0.3493691086769104,0.6175196170806885,-0.035331666469573975,0.37966853380203247,0.6589809060096741,-0.06019973382353783,0.3050917685031891,0.5150741934776306,-0.046330977231264114,0.39129573106765747,0.4931773841381073,-0.08005540817975998,0.44554099440574646,0.48950377106666565,-0.09917272627353668,0.4862114191055298,0.49398741126060486,-0.11115853488445282,0.285189151763916,0.5614745616912842,-0.07266735285520554,0.38150888681411743,0.6799108982086182,-0.10845386981964111,0.34337419271469116,0.6893783211708069,-0.10704831033945084,0.31016597151756287,0.6581687331199646,-0.10312142223119736,0.26007217168807983,0.6270925402641296,-0.09683900326490402,0.34734228253364563,0.7409332394599915,-0.12394573539495468,0.3072216808795929,0.7328324317932129,-0.10537213832139969,0.2802802324295044,0.6973699331283569,-0.09056713432073593,0.23411211371421814,0.6969547271728516,-0.12060873955488205,0.3130972683429718,0.7775350213050842,-0.1265852451324463,0.28459858894348145,0.7683231830596924,-0.10318996012210846,0.25483086705207825,0.736297070980072,-0.0861051082611084,Q
0.7854130268096924,0.6019797921180725,3.525822478422924e-07,0.7362957000732422,0.49770665168762207,-0.03057805635035038,0.6312902569770813,0.44935938715934753,-0.053675346076488495,0.5442799925804138,0.4622412919998169,-0.06579706817865372,0.4861838221549988,0.4880790710449219,-0.0783124789595604,0.6556565165519714,0.49294736981391907,-0.10680877417325974,0.5416097640991211,0.5198200345039368,-0.1363879144191742,0.48224693536758423,0.5213401317596436,-0.14385084807872772,0.44415009021759033,0.5269615054130554,-0.1460503786802292,0.6644349098205566,0.5939089059829712,-0.10303548723459244,0.5204198360443115,0.5958250761032104,-0.13392575085163116,0.5397714376449585,0.5577975511550903,-0.12859085202217102,0.5887691974639893,0.5434218645095825,-0.12080027163028717,0.6719964146614075,0.6737449169158936,-0.09514106065034866,0.5460697412490845,0.6562393307685852,-0.11536581814289093,0.5705230236053467,0.6202062368392944,-0.09235171228647232,0.6111695766448975,0.6113928556442261,-0.07496540248394012,0.6755720973014832,0.7367357015609741,-0.08852625638246536,0.5731571912765503,0.7045851945877075,-0.10062823444604874,0.5961945652961731,0.6722403168678284,-0.0834754928946495,0.6301559805870056,0.668210506439209,-0.07085102051496506,0.12497252225875854,0.6928911805152893,1.2409735461460514e-07,0.1948624700307846,0.6167054176330566,0.010736802592873573,0.2833678424358368,0.5846033692359924,-0.008093996904790401,0.34571120142936707,0.6115795373916626,-0.03229748085141182,0.37972190976142883,0.6515200734138489,-0.05674850940704346,0.3038266599178314,0.5161104798316956,-0.0489334873855114,0.3902997076511383,0.49106478691101074,-0.08321522921323776,0.4451075792312622,0.48886603116989136,-0.10198654979467392,0.48535531759262085,0.49569404125213623,-0.11325199156999588,0.2839078903198242,0.5627937316894531,-0.07577844709157944,0.3824000656604767,0.6798648238182068,-0.11102624982595444,0.3449787497520447,0.6889137029647827,-0.1083858385682106,0.3108961284160614,0.6575762033462524,-0.10371939092874527,0.2590668797492981,0.6286814212799072,-0.10009858012199402,0.34720587730407715,0.7410578727722168,-0.1260654777288437,0.3069472014904022,0.7318915128707886,-0.10639749467372894,0.27899670600891113,0.6961354613304138,-0.09117312729358673,0.2331196665763855,0.6986297965049744,-0.12373132258653641,0.31219980120658875,0.7771502137184143,-0.12843182682991028,0.28320443630218506,0.7670190334320068,-0.10408524423837662,0.25281015038490295,0.734515905380249,-0.0865069255232811,Q
0.7830578088760376,0.5986484885215759,3.5983333646072424e-07,0.7317715287208557,0.4967814087867737,-0.028149088844656944,0.6262220740318298,0.4496382772922516,-0.050752636045217514,0.5404291152954102,0.4625036120414734,-0.06294063478708267,0.48271986842155457,0.4862874150276184,-0.0755334198474884,0.6531679034233093,0.4902883470058441,-0.10624177008867264,0.5336791276931763,0.5219303369522095,-0.13455531001091003,0.47547465562820435,0.5248101949691772,-0.14031675457954407,0.4411647319793701,0.5304139256477356,-0.14070993661880493,0.6647489070892334,0.5912637710571289,-0.10302606225013733,0.5193446278572083,0.5984308123588562,-0.13222144544124603,0.5366335511207581,0.5605393648147583,-0.12548096477985382,0.5853802561759949,0.5445338487625122,-0.1169254258275032,0.6737006306648254,0.6711821556091309,-0.09543993324041367,0.5459367036819458,0.6557158827781677,-0.11431068181991577,0.5682220458984375,0.6196223497390747,-0.09124129265546799,0.6081260442733765,0.6098204851150513,-0.07401783764362335,0.6773196458816528,0.7346312403678894,-0.08879638463258743,0.5734555721282959,0.7037842273712158,-0.09978486597537994,0.5942713618278503,0.6705631017684937,-0.08235929906368256,0.6270974278450012,0.6648367643356323,-0.06961500644683838,0.12415862083435059,0.6911090612411499,1.3206170024204766e-07,0.19524268805980682,0.6163446307182312,0.00910346582531929,0.2840830981731415,0.5843554139137268,-0.010320387780666351,0.34640583395957947,0.6115431785583496,-0.03495325520634651,0.3792554438114166,0.6523398756980896,-0.059827111661434174,0.30399370193481445,0.515669584274292,-0.049336232244968414,0.3916489779949188,0.4924778342247009,-0.08392459154129028,0.4471200108528137,0.48902174830436707,-0.1031508818268776,0.48876291513442993,0.4939669966697693,-0.11493544280529022,0.2843415141105652,0.5623419284820557,-0.07584866136312485,0.38253432512283325,0.679584264755249,-0.11132743954658508,0.3444685637950897,0.6887019872665405,-0.1088637188076973,0.31047630310058594,0.6571376323699951,-0.10439880937337875,0.2595907747745514,0.6282129883766174,-0.10007888078689575,0.34740981459617615,0.7402533888816833,-0.1264238953590393,0.3068118095397949,0.731677770614624,-0.10682027041912079,0.27892357110977173,0.695939838886261,-0.09163042157888412,0.23363855481147766,0.6985074877738953,-0.12388663738965988,0.31254681944847107,0.7767937183380127,-0.12904584407806396,0.28355616331100464,0.7672410607337952,-0.10490210354328156,0.2528620958328247,0.7352086305618286,-0.08744339644908905,Q
0.7818582057952881,0.5956870913505554,3.6716369322675746e-07,0.730048656463623,0.49346256256103516,-0.028804069384932518,0.6236217021942139,0.4469429850578308,-0.05183715000748634,0.5377656817436218,0.4612664580345154,-0.06455351412296295,0.4799795150756836,0.48447829484939575,-0.0775340124964714,0.6512595415115356,0.4933767318725586,-0.10423249006271362,0.5338420271873474,0.5242584943771362,-0.13387230038642883,0.4762071371078491,0.523350715637207,-0.14107497036457062,0.44443967938423157,0.5258618593215942,-0.14231787621974945,0.6624050736427307,0.5941124558448792,-0.10119535028934479,0.5180033445358276,0.5970993638038635,-0.13207721710205078,0.5374965667724609,0.5578491687774658,-0.12673336267471313,0.5881672501564026,0.5437793731689453,-0.11868251115083694,0.6717516779899597,0.6722161173820496,-0.09406484663486481,0.5465611219406128,0.6547675132751465,-0.11435751616954803,0.5701408386230469,0.6181327700614929,-0.09164176136255264,0.610855758190155,0.6095857620239258,-0.07423189282417297,0.6762568950653076,0.7338085174560547,-0.08795422315597534,0.5742929577827454,0.7021453380584717,-0.09971221536397934,0.5962988138198853,0.669227123260498,-0.08241765946149826,0.6297655701637268,0.6651347875595093,-0.06958923488855362,0.12498480081558228,0.6928612589836121,1.2965271878329077e-07,0.19578701257705688,0.619465172290802,0.009441058151423931,0.2841840386390686,0.5876683592796326,-0.009547833353281021,0.34625574946403503,0.6155047416687012,-0.03430958837270737,0.38113415241241455,0.6545277833938599,-0.05914440006017685,0.3034537434577942,0.5135043263435364,-0.044034454971551895,0.38846099376678467,0.4894641637802124,-0.07749271392822266,0.44238609075546265,0.486244797706604,-0.09670528769493103,0.4821961224079132,0.49104076623916626,-0.10878296196460724,0.2836122512817383,0.5593199133872986,-0.07041940838098526,0.3811350166797638,0.6759538650512695,-0.10683858394622803,0.34417325258255005,0.6866313219070435,-0.10650058090686798,0.31089159846305847,0.6554812788963318,-0.1031184196472168,0.25925150513648987,0.6243776679039001,-0.09463731199502945,0.3465583920478821,0.7360647916793823,-0.12163450568914413,0.30719560384750366,0.7293964624404907,-0.1030907928943634,0.2799486517906189,0.6942210793495178,-0.08830248564481735,0.23393681645393372,0.6932814121246338,-0.11842517554759979,0.3126676380634308,0.7723265290260315,-0.1247449442744255,0.2841970920562744,0.7643230557441711,-0.10184832662343979,0.2550295293331146,0.7322936058044434,-0.08499931544065475,Q
0.7816067934036255,0.5970222353935242,3.832527681879583e-07,0.7321192026138306,0.4940863251686096,-0.031946536153554916,0.625220537185669,0.44691723585128784,-0.05578611046075821,0.538032054901123,0.46168768405914307,-0.06806869059801102,0.47943323850631714,0.4822423458099365,-0.08013124763965607,0.6527768969535828,0.49187517166137695,-0.11100300401449203,0.5303775668144226,0.5215975642204285,-0.14057159423828125,0.4719475507736206,0.516356348991394,-0.1459539532661438,0.43788576126098633,0.5130048990249634,-0.14595608413219452,0.6630429625511169,0.5932039022445679,-0.10554889589548111,0.5168357491493225,0.5945916771888733,-0.13665448129177094,0.538474440574646,0.5557082891464233,-0.12877053022384644,0.5895451307296753,0.5401076078414917,-0.11873538792133331,0.6712486147880554,0.6715002059936523,-0.0960509330034256,0.546130895614624,0.6523594260215759,-0.11550881713628769,0.5720667839050293,0.6164836883544922,-0.09089840948581696,0.6129673719406128,0.6076280474662781,-0.07249489426612854,0.6748620271682739,0.7334923148155212,-0.08796028792858124,0.5745890736579895,0.6996629238128662,-0.09923005849123001,0.5983175039291382,0.6683225631713867,-0.08209618926048279,0.6314190626144409,0.665078341960907,-0.0696118175983429,0.12624473869800568,0.6891894340515137,1.3010289023895893e-07,0.19828173518180847,0.6181426644325256,0.00827129278331995,0.2866390645503998,0.5853629112243652,-0.010413171723484993,0.3479805290699005,0.6115081310272217,-0.034735891968011856,0.379949688911438,0.6508370637893677,-0.0591052807867527,0.3051218092441559,0.5116804242134094,-0.04321572557091713,0.39021795988082886,0.4908067584037781,-0.07655076682567596,0.4431160092353821,0.48719802498817444,-0.09584452956914902,0.4827442765235901,0.4916309714317322,-0.10809553414583206,0.2853078842163086,0.5576015114784241,-0.06932675093412399,0.3829990029335022,0.6772282719612122,-0.10565751045942307,0.3451935052871704,0.686374843120575,-0.10545092076063156,0.3115217685699463,0.6552641987800598,-0.10210539400577545,0.2604312002658844,0.6229714751243591,-0.09352311491966248,0.34710970520973206,0.7365206480026245,-0.12113415449857712,0.3064943552017212,0.7273220419883728,-0.10386662930250168,0.2793719172477722,0.6915149688720703,-0.08974491059780121,0.23471422493457794,0.6928089261054993,-0.11738315224647522,0.31193169951438904,0.7732396125793457,-0.12448573857545853,0.28218990564346313,0.7629772424697876,-0.10247655212879181,0.25220057368278503,0.7305028438568115,-0.08614049106836319,Q
0.7846664786338806,0.5985235571861267,3.443467164743197e-07,0.73476243019104,0.49601244926452637,-0.02876022830605507,0.6305150985717773,0.44562670588493347,-0.051145877689123154,0.544170618057251,0.45736581087112427,-0.06300146132707596,0.4867268204689026,0.485995352268219,-0.07483120262622833,0.6554776430130005,0.4928377866744995,-0.10365510731935501,0.5370089411735535,0.5219277739524841,-0.132723867893219,0.480202317237854,0.5188281536102295,-0.13919217884540558,0.4477063715457916,0.5190380215644836,-0.1399916559457779,0.6643637418746948,0.5928964614868164,-0.10017186403274536,0.5185283422470093,0.5947632193565369,-0.13050977885723114,0.5390372276306152,0.5567260980606079,-0.12445534765720367,0.5897808074951172,0.5430184602737427,-0.11574698239564896,0.6720902323722839,0.6709693670272827,-0.09261445701122284,0.5472410321235657,0.6543830633163452,-0.11200728267431259,0.5723540186882019,0.6191781163215637,-0.0885542780160904,0.6135178804397583,0.6108413934707642,-0.07075591385364532,0.6758705973625183,0.7328935861587524,-0.08625174313783646,0.5751919746398926,0.7014867067337036,-0.09761548042297363,0.5987251400947571,0.6708171963691711,-0.08035623282194138,0.6323826909065247,0.6676185727119446,-0.06755142658948898,0.12724103033542633,0.6878302097320557,1.2717923425498157e-07,0.19743826985359192,0.6144591569900513,0.007852323353290558,0.2850559651851654,0.5814880132675171,-0.010795175097882748,0.3464432954788208,0.6081148982048035,-0.034627895802259445,0.37935757637023926,0.647530198097229,-0.058497726917266846,0.30562537908554077,0.5124720335006714,-0.046603623777627945,0.3912813067436218,0.4912179708480835,-0.08119667321443558,0.44506824016571045,0.4877265691757202,-0.10126380622386932,0.4851360619068146,0.4919975996017456,-0.11366525292396545,0.28578200936317444,0.5590837001800537,-0.07225009799003601,0.3826179802417755,0.6784294843673706,-0.10846816003322601,0.3452526032924652,0.6861353516578674,-0.10777638852596283,0.31183111667633057,0.6541246771812439,-0.10425817221403122,0.26100969314575195,0.6243641376495361,-0.09592462331056595,0.34707772731781006,0.737686812877655,-0.12328562885522842,0.30683791637420654,0.7273033261299133,-0.10567480325698853,0.27991220355033875,0.6910461783409119,-0.0913795530796051,0.23535427451133728,0.6937267184257507,-0.11927716434001923,0.31279274821281433,0.774193286895752,-0.12592150270938873,0.283559113740921,0.7631393671035767,-0.10343480110168457,0.2534514367580414,0.7303040027618408,-0.08671776950359344,Q
0.7815899848937988,0.5932220816612244,3.359580773576454e-07,0.7292133569717407,0.49311739206314087,-0.027109220623970032,0.6227474212646484,0.44776540994644165,-0.04944567754864693,0.5361612439155579,0.46042314171791077,-0.06175234541296959,0.4784940481185913,0.48611167073249817,-0.07410075515508652,0.651645839214325,0.4906238317489624,-0.10600422322750092,0.5269995331764221,0.5238697528839111,-0.13546952605247498,0.47408637404441833,0.5224965810775757,-0.1412976235151291,0.4473583698272705,0.524350643157959,-0.14104419946670532,0.6628276705741882,0.5912060737609863,-0.1027398332953453,0.5188677906990051,0.5959990620613098,-0.13181713223457336,0.5389828085899353,0.5581082701683044,-0.12416800111532211,0.5888265371322632,0.5438562631607056,-0.11524277180433273,0.6716035604476929,0.6700122356414795,-0.09530859440565109,0.5466909408569336,0.6537579894065857,-0.11289467662572861,0.5723634958267212,0.619739830493927,-0.08867495507001877,0.6134440302848816,0.611452579498291,-0.07125392556190491,0.6755339503288269,0.7325766086578369,-0.08897149562835693,0.5755734443664551,0.7006807923316956,-0.09877734631299973,0.5992977619171143,0.6711108684539795,-0.08121225982904434,0.6326672434806824,0.6682842969894409,-0.06872142106294632,0.12787650525569916,0.6866820454597473,1.2343852517915366e-07,0.19870580732822418,0.6136637926101685,0.008667503483593464,0.28630948066711426,0.5789729356765747,-0.009281158447265625,0.3462147116661072,0.6026397347450256,-0.0325576514005661,0.37788888812065125,0.6402240991592407,-0.05591108649969101,0.30701231956481934,0.5124666690826416,-0.04535583406686783,0.391059011220932,0.49017900228500366,-0.07942164689302444,0.44361311197280884,0.48642778396606445,-0.0986289530992508,0.48245006799697876,0.49112027883529663,-0.1102943941950798,0.2871471047401428,0.5578579902648926,-0.071153923869133,0.3843534588813782,0.6782886981964111,-0.10694454610347748,0.34706637263298035,0.6858862638473511,-0.10556639730930328,0.31360527873039246,0.6531720161437988,-0.1012808084487915,0.2619799077510834,0.6221645474433899,-0.09498726576566696,0.3477901220321655,0.737572968006134,-0.12231941521167755,0.30765339732170105,0.7277315855026245,-0.10488513112068176,0.2809779942035675,0.6907946467399597,-0.0904785767197609,0.23557789623737335,0.6910984516143799,-0.11835884302854538,0.3129051923751831,0.7738009095191956,-0.12490946799516678,0.2841324806213379,0.7633978724479675,-0.10254684835672379,0.2543255686759949,0.7298715710639954,-0.0858481153845787,Q
0.7818273901939392,0.5969642400741577,3.869002682677092e-07,0.7325345277786255,0.4919385612010956,-0.03261854872107506,0.623835563659668,0.44709324836730957,-0.05601095035672188,0.5357697010040283,0.4637022912502289,-0.06742189079523087,0.4773162305355072,0.483298122882843,-0.07861186563968658,0.6546229124069214,0.4940713047981262,-0.11335526406764984,0.5301540493965149,0.5182668566703796,-0.14221984148025513,0.46961158514022827,0.513792097568512,-0.14658960700035095,0.4324631094932556,0.5123628973960876,-0.14627602696418762,0.6645728349685669,0.5965843200683594,-0.10737285017967224,0.5171689987182617,0.5949165225028992,-0.13750016689300537,0.5391603708267212,0.5552106499671936,-0.1282905638217926,0.5898621678352356,0.5405067205429077,-0.11777007579803467,0.672502875328064,0.6748926639556885,-0.09722323715686798,0.5457046031951904,0.651944637298584,-0.11596862226724625,0.5727577805519104,0.6154143214225769,-0.09052381664514542,0.6137750148773193,0.6081154346466064,-0.07195162028074265,0.675925076007843,0.7354770302772522,-0.08852291107177734,0.5742733478546143,0.6994558572769165,-0.0991009846329689,0.598150372505188,0.6675633788108826,-0.08157387375831604,0.6314833760261536,0.6657401323318481,-0.06926020979881287,0.12740209698677063,0.6863203644752502,1.2229833146193414e-07,0.19847887754440308,0.6129599809646606,0.008938745595514774,0.28705474734306335,0.5799424052238464,-0.009330435656011105,0.34790197014808655,0.6059339046478271,-0.03298038989305496,0.37992289662361145,0.6451894044876099,-0.05687122792005539,0.3063023090362549,0.5127490758895874,-0.04531586170196533,0.3903529644012451,0.48948538303375244,-0.07870712876319885,0.44253087043762207,0.48548638820648193,-0.09740173071622849,0.4817240238189697,0.48970797657966614,-0.10899946093559265,0.2871429920196533,0.5586346387863159,-0.07126592844724655,0.3840273916721344,0.6754446029663086,-0.10705660283565521,0.3465145528316498,0.6848697662353516,-0.10587900131940842,0.3134644329547882,0.6542198657989502,-0.10176826268434525,0.2624083459377289,0.6235759854316711,-0.09506665915250778,0.34801921248435974,0.7358102798461914,-0.12210607528686523,0.30789071321487427,0.7270211577415466,-0.10435595363378525,0.2811911106109619,0.6913346648216248,-0.08985760807991028,0.23632851243019104,0.6926393508911133,-0.11837727576494217,0.3131333589553833,0.7723089456558228,-0.12477970123291016,0.28408488631248474,0.7625826597213745,-0.10230756551027298,0.25464770197868347,0.7301557660102844,-0.08567298203706741,Q
0.7825566530227661,0.5975401997566223,3.942431590076012e-07,0.7332041263580322,0.4932136535644531,-0.03191905468702316,0.6244458556175232,0.4478111267089844,-0.055431101471185684,0.5360905528068542,0.46305057406425476,-0.06720967590808868,0.47799110412597656,0.48632705211639404,-0.07889854162931442,0.6550792455673218,0.49356788396835327,-0.11352486163377762,0.5271419882774353,0.5197017788887024,-0.14294582605361938,0.46535301208496094,0.5120759010314941,-0.14740845561027527,0.4281408190727234,0.507169246673584,-0.14683958888053894,0.6649383902549744,0.5947630405426025,-0.10789598524570465,0.5168639421463013,0.5947563648223877,-0.13829751312732697,0.5390845537185669,0.5548814535140991,-0.12858930230140686,0.5899633765220642,0.5397186279296875,-0.1176193580031395,0.6728332042694092,0.6731676459312439,-0.09814371168613434,0.5457159280776978,0.6515516042709351,-0.1166967824101448,0.572895884513855,0.6156319379806519,-0.0906083732843399,0.6138916611671448,0.6080849766731262,-0.07160694152116776,0.6763761639595032,0.7345407605171204,-0.08984237164258957,0.5746839046478271,0.6994916200637817,-0.10013822466135025,0.5989593863487244,0.6680052876472473,-0.08217959851026535,0.6326900720596313,0.6659179925918579,-0.06950454413890839,0.12746718525886536,0.6873716115951538,1.2016455741559184e-07,0.19822107255458832,0.6130867600440979,0.008853956125676632,0.286613792181015,0.5779291987419128,-0.008835102431476116,0.3465811014175415,0.6010700464248657,-0.03178916126489639,0.3781268000602722,0.6388704776763916,-0.05493563041090965,0.30586692690849304,0.512726902961731,-0.044930100440979004,0.3895930349826813,0.4898439645767212,-0.07802524417638779,0.4409506022930145,0.4847717881202698,-0.09653865545988083,0.48014533519744873,0.4882488548755646,-0.10810510814189911,0.2865907549858093,0.5587170720100403,-0.07072900980710983,0.3850950300693512,0.676513671875,-0.10677041858434677,0.34743428230285645,0.6846372485160828,-0.1056261956691742,0.3137229382991791,0.6534996628761292,-0.1013544499874115,0.26175621151924133,0.6236190795898438,-0.09440421313047409,0.3485286831855774,0.7362021207809448,-0.12143290042877197,0.3082890808582306,0.7264455556869507,-0.10385318845510483,0.2812611758708954,0.6904187202453613,-0.08937225490808487,0.23542675375938416,0.692702054977417,-0.11760856956243515,0.31333494186401367,0.7725765705108643,-0.12404228001832962,0.2840960919857025,0.7619599103927612,-0.10191270709037781,0.2542439103126526,0.7290893793106079,-0.08552458137273788,Q
0.7830322980880737,0.5945141911506653,3.366282328443049e-07,0.7334514856338501,0.49089470505714417,-0.02988966926932335,0.6249186992645264,0.4477391242980957,-0.05323517695069313,0.5354586243629456,0.4627140164375305,-0.06557907909154892,0.47435063123703003,0.4835333824157715,-0.07791026681661606,0.6546035408973694,0.48678940534591675,-0.11440618336200714,0.5238663554191589,0.5225110054016113,-0.14508940279483795,0.47313863039016724,0.5147096514701843,-0.14969199895858765,0.4493858814239502,0.5082530975341797,-0.14818614721298218,0.6658124327659607,0.5871537923812866,-0.10924074053764343,0.5191693305969238,0.5934041142463684,-0.1374775767326355,0.5391515493392944,0.5548611879348755,-0.1270216703414917,0.5886846780776978,0.5387699604034424,-0.11692430078983307,0.6746107339859009,0.6665328741073608,-0.1001347228884697,0.5482234358787537,0.6495803594589233,-0.11659683287143707,0.5735793709754944,0.6153361797332764,-0.09100011736154556,0.6138851046562195,0.606593132019043,-0.07349299639463425,0.6781362891197205,0.7308884859085083,-0.09234360605478287,0.5773134827613831,0.6977124810218811,-0.10185322910547256,0.5996024012565613,0.6672078371047974,-0.08472999185323715,0.6316840648651123,0.6642631888389587,-0.07308507710695267,0.12824811041355133,0.6897631883621216,1.20887222010424e-07,0.19799727201461792,0.6152834296226501,0.007945599034428596,0.285322368144989,0.5770912766456604,-0.009180290624499321,0.34590423107147217,0.5974097847938538,-0.03138421103358269,0.3789544105529785,0.6333701610565186,-0.05351956933736801,0.3066348135471344,0.5110963582992554,-0.04210098832845688,0.3889971971511841,0.48920127749443054,-0.07418321073055267,0.4398288130760193,0.4826163649559021,-0.09226829558610916,0.47859296202659607,0.4845294952392578,-0.10373315960168839,0.2880617380142212,0.5560113191604614,-0.06695786118507385,0.38711458444595337,0.6746730208396912,-0.10272735357284546,0.34938472509384155,0.6841848492622375,-0.10179600864648819,0.31482571363449097,0.6536035537719727,-0.0974557027220726,0.2638132572174072,0.6205872893333435,-0.08991027623414993,0.35090869665145874,0.7334461212158203,-0.11683373153209686,0.3106486201286316,0.7250462770462036,-0.0995653048157692,0.28305378556251526,0.6893637776374817,-0.08513585478067398,0.2378159761428833,0.6900647282600403,-0.1124902069568634,0.31491243839263916,0.7697958946228027,-0.11914917081594467,0.28532910346984863,0.7600083947181702,-0.09769200533628464,0.25576379895210266,0.7273066639900208,-0.08164465427398682,Q
0.7849270105361938,0.5961657762527466,2.931456890564732e-07,0.7369303703308105,0.4928610622882843,-0.02691524475812912,0.6321339011192322,0.44628360867500305,-0.0486757755279541,0.544982373714447,0.46013015508651733,-0.060800179839134216,0.48618608713150024,0.48365554213523865,-0.07284408807754517,0.6557942628860474,0.48782116174697876,-0.10343218594789505,0.5276934504508972,0.518498420715332,-0.13291095197200775,0.47753041982650757,0.5183380842208862,-0.13830243051052094,0.45577001571655273,0.521897554397583,-0.13730615377426147,0.6653737425804138,0.5881737470626831,-0.1000322699546814,0.5229977369308472,0.5922694206237793,-0.12760867178440094,0.5431677103042603,0.5560890436172485,-0.11920613795518875,0.5925732254981995,0.5435293912887573,-0.1102062538266182,0.6735633611679077,0.6674585938453674,-0.09298163652420044,0.5502084493637085,0.6500937342643738,-0.10941501706838608,0.5750393271446228,0.6161986589431763,-0.0855419933795929,0.6151325106620789,0.6087930202484131,-0.06881120800971985,0.6768479347229004,0.7309039831161499,-0.0870576947927475,0.5767043828964233,0.6976007223129272,-0.09634631872177124,0.5990949273109436,0.6670642495155334,-0.07933012396097183,0.6318696141242981,0.6646274328231812,-0.06743485480546951,0.13010680675506592,0.6866260170936584,1.1680033651373378e-07,0.20109310746192932,0.6132820844650269,0.008180723525583744,0.2885015308856964,0.5764763355255127,-0.008477448485791683,0.3479026257991791,0.5977402329444885,-0.03042493760585785,0.38030195236206055,0.6349614262580872,-0.052409350872039795,0.30806872248649597,0.5115458965301514,-0.040751177817583084,0.38946861028671265,0.48929816484451294,-0.07203607261180878,0.43856877088546753,0.48295852541923523,-0.08993104100227356,0.4764850437641144,0.4854337275028229,-0.10143779963254929,0.288800448179245,0.556459367275238,-0.06577497720718384,0.3883504867553711,0.6751909255981445,-0.10108150541782379,0.35134387016296387,0.6842578053474426,-0.10081077367067337,0.3169266879558563,0.6551081538200378,-0.09703371673822403,0.26419931650161743,0.6208979487419128,-0.08886159956455231,0.3510506749153137,0.7335936427116394,-0.11495237052440643,0.31116512417793274,0.7237194180488586,-0.09844192117452621,0.2839409410953522,0.6885897517204285,-0.08472549915313721,0.2383674532175064,0.6896559000015259,-0.11164523661136627,0.3154730200767517,0.7695237398147583,-0.1177942082285881,0.28593552112579346,0.7582769989967346,-0.0967397689819336,0.25586867332458496,0.7258205413818359,-0.08110693842172623,Q
0.7840597629547119,0.5963695645332336,3.335384803904162e-07,0.7353410124778748,0.4935745894908905,-0.027189653366804123,0.6308848857879639,0.4465751051902771,-0.04937155544757843,0.5450471043586731,0.4600312411785126,-0.061722151935100555,0.4864043593406677,0.48153769969940186,-0.07393363118171692,0.6557846665382385,0.4905915856361389,-0.10437620431184769,0.5279905200004578,0.5232400894165039,-0.13398896157741547,0.4761343002319336,0.5203151702880859,-0.13958650827407837,0.4539584219455719,0.5200773477554321,-0.13861718773841858,0.6662432551383972,0.5908015370368958,-0.1009543240070343,0.522506594657898,0.5935313701629639,-0.12934622168540955,0.5421708822250366,0.555931568145752,-0.1213965117931366,0.5927914977073669,0.5427559614181519,-0.1122395321726799,0.6749588847160339,0.668983519077301,-0.09373541921377182,0.5512526631355286,0.6502290368080139,-0.11099110543727875,0.5759007334709167,0.616047739982605,-0.08738173544406891,0.6165423393249512,0.6089885830879211,-0.07041572034358978,0.67852383852005,0.7315002083778381,-0.08758773654699326,0.5791776776313782,0.6976011991500854,-0.09751937538385391,0.6012123227119446,0.6668833494186401,-0.08070100098848343,0.6335757970809937,0.6646537184715271,-0.06867960095405579,0.13222596049308777,0.6868578791618347,1.1571641067575911e-07,0.19911721348762512,0.6105478405952454,0.007408249657601118,0.2844243347644806,0.5693284869194031,-0.008962476626038551,0.34407246112823486,0.580558717250824,-0.029828671365976334,0.3782311677932739,0.6084633469581604,-0.05067883059382439,0.3085062801837921,0.5109289884567261,-0.04542870447039604,0.3942483961582184,0.4892347455024719,-0.07756543904542923,0.4445536136627197,0.48238319158554077,-0.09529510885477066,0.4829806089401245,0.483357310295105,-0.10643786191940308,0.28951936960220337,0.5564285516738892,-0.06949637830257416,0.3894570469856262,0.6752902269363403,-0.10461145639419556,0.35217776894569397,0.6832482814788818,-0.10294059664011002,0.3177309036254883,0.652189314365387,-0.09858734160661697,0.2652081251144409,0.6210264563560486,-0.09150534123182297,0.3526800870895386,0.7328158617019653,-0.1179114356637001,0.3130897581577301,0.7231726050376892,-0.10046465694904327,0.2857249081134796,0.687781810760498,-0.08644253760576248,0.23927128314971924,0.690099835395813,-0.11309678852558136,0.3166789412498474,0.7688454985618591,-0.11999453604221344,0.28696489334106445,0.7581743001937866,-0.09860435128211975,0.25625914335250854,0.7257277965545654,-0.08277539163827896,Q
0.7852112650871277,0.5980527997016907,3.223672138119582e-07,0.7372064590454102,0.49428680539131165,-0.026201505213975906,0.6332376599311829,0.44586992263793945,-0.04714885354042053,0.5472133159637451,0.4575325548648834,-0.058326222002506256,0.48885422945022583,0.4822077751159668,-0.06935402005910873,0.6574261784553528,0.49228113889694214,-0.10259721428155899,0.5296985507011414,0.5229546427726746,-0.13103950023651123,0.4779040217399597,0.5190017223358154,-0.1359453946352005,0.4548063278198242,0.518278956413269,-0.13469727337360382,0.6667885184288025,0.5923499464988708,-0.09894225746393204,0.5236830711364746,0.5931251645088196,-0.12602175772190094,0.5436797142028809,0.5562251806259155,-0.1175251454114914,0.5933119058609009,0.5437514185905457,-0.10816973447799683,0.6747414469718933,0.6701655387878418,-0.0913994088768959,0.5514769554138184,0.6504167914390564,-0.10703572630882263,0.5758616924285889,0.6171429753303528,-0.08320058137178421,0.6156800985336304,0.6103863716125488,-0.06649989634752274,0.6780036091804504,0.7318829298019409,-0.08494801074266434,0.5793880224227905,0.6974372267723083,-0.09374979138374329,0.6015321612358093,0.6680830717086792,-0.07693028450012207,0.6334126591682434,0.6664079427719116,-0.06514404714107513,0.1304960697889328,0.6857969760894775,1.0985324649936956e-07,0.20063062012195587,0.6110514402389526,0.008770535700023174,0.2878772020339966,0.5765581130981445,-0.008840629830956459,0.34857961535453796,0.6006911396980286,-0.031379930675029755,0.3804479241371155,0.6401059031486511,-0.054043520241975784,0.30882149934768677,0.5123406648635864,-0.047426942735910416,0.39510512351989746,0.4896871745586395,-0.08084611594676971,0.44751518964767456,0.48437708616256714,-0.0997224673628807,0.48749691247940063,0.48704031109809875,-0.11150354892015457,0.28945308923721313,0.5584091544151306,-0.07317917793989182,0.38705500960350037,0.6765144467353821,-0.10745219141244888,0.350014865398407,0.6845431327819824,-0.10558634996414185,0.3171384930610657,0.6533706784248352,-0.10184264183044434,0.26499417424201965,0.6233009696006775,-0.09673549234867096,0.35120806097984314,0.7358361482620239,-0.12220712006092072,0.31119686365127563,0.7258004546165466,-0.1043211966753006,0.284773051738739,0.6901469826698303,-0.09054102003574371,0.23925796151161194,0.6926659941673279,-0.11992419511079788,0.3162069320678711,0.7718690037727356,-0.12497659027576447,0.2871336042881012,0.7611737251281738,-0.10219700634479523,0.25669166445732117,0.7290838360786438,-0.08584118634462357,Q
0.7870999574661255,0.5965905785560608,3.4082884781128087e-07,0.7383032441139221,0.4919823110103607,-0.02959658019244671,0.6316860914230347,0.44509515166282654,-0.05204259604215622,0.5437037944793701,0.4608616232872009,-0.06386994570493698,0.48467642068862915,0.47922420501708984,-0.07592842727899551,0.6605930328369141,0.4860766530036926,-0.10376135259866714,0.544817328453064,0.5133242011070251,-0.13269774615764618,0.486614465713501,0.514508068561554,-0.13891112804412842,0.45220252871513367,0.519894540309906,-0.1398376077413559,0.6699742674827576,0.5872185826301575,-0.09998306632041931,0.5232070684432983,0.5896886587142944,-0.13068409264087677,0.5438616871833801,0.5516624450683594,-0.12447308003902435,0.5951148271560669,0.5378121137619019,-0.11544986069202423,0.6773591041564941,0.6663790345191956,-0.09217274188995361,0.5510602593421936,0.6477867960929871,-0.11278824508190155,0.5759950280189514,0.6124956607818604,-0.08959265053272247,0.6171942353248596,0.6049290299415588,-0.07146811485290527,0.6802422404289246,0.7295161485671997,-0.08542945981025696,0.5778244733810425,0.6967021822929382,-0.09738758951425552,0.6009683609008789,0.6648631691932678,-0.08011848479509354,0.634993314743042,0.6619802117347717,-0.06723596900701523,0.12882836163043976,0.6904065608978271,6.903876936803499e-08,0.19964557886123657,0.6142298579216003,0.01118603628128767,0.28622689843177795,0.5743290185928345,-0.004242280498147011,0.34574463963508606,0.5907899141311646,-0.02516394853591919,0.3800067603588104,0.6239426136016846,-0.046176061034202576,0.3088037669658661,0.5133523344993591,-0.04034426063299179,0.3892419934272766,0.4897943437099457,-0.07111117988824844,0.43820181488990784,0.4828367233276367,-0.08818545937538147,0.47602710127830505,0.48354923725128174,-0.0989636555314064,0.29067444801330566,0.5567617416381836,-0.0662817731499672,0.3889845609664917,0.6734939217567444,-0.09976097196340561,0.3513745963573456,0.6840267777442932,-0.0978156253695488,0.31687870621681213,0.6543195247650146,-0.0931345522403717,0.2665589153766632,0.6202147603034973,-0.08995085954666138,0.3523217439651489,0.7315409183502197,-0.11491129547357559,0.31236743927001953,0.7243212461471558,-0.09733596444129944,0.2848242521286011,0.6898065209388733,-0.0831010714173317,0.2404719442129135,0.6889457106590271,-0.11295845359563828,0.3169088661670685,0.7677885293960571,-0.11798808723688126,0.2880493402481079,0.7589648962020874,-0.09602659195661545,0.2580733001232147,0.7274342775344849,-0.07984870672225952,Q
0.7874717116355896,0.5908771753311157,3.413995557366434e-07,0.7364836931228638,0.48932206630706787,-0.026918718591332436,0.6329241394996643,0.4421592652797699,-0.04894796758890152,0.5482299327850342,0.453640341758728,-0.06156487762928009,0.4905211329460144,0.47995808720588684,-0.07452268153429031,0.659638524055481,0.4854780435562134,-0.09970487654209137,0.5425248146057129,0.5146036744117737,-0.12861622869968414,0.4854431450366974,0.5156617164611816,-0.13590888679027557,0.45240890979766846,0.5205800533294678,-0.13735026121139526,0.6700232028961182,0.5850670337677002,-0.09778319299221039,0.5250979065895081,0.5899310111999512,-0.12788374722003937,0.5438669919967651,0.5527051091194153,-0.12289254367351532,0.5934146046638489,0.5389946103096008,-0.11521289497613907,0.6782505512237549,0.6643397808074951,-0.09185437113046646,0.5507996082305908,0.6484187841415405,-0.11167017370462418,0.5732540488243103,0.6135251522064209,-0.08915314078330994,0.6138884425163269,0.6057284474372864,-0.0718613937497139,0.6815080642700195,0.7275111675262451,-0.08691728115081787,0.5772526264190674,0.6977752447128296,-0.09826477617025375,0.5986922383308411,0.6659363508224487,-0.080524742603302,0.6334291100502014,0.6625034809112549,-0.0673244521021843,0.13181011378765106,0.6880298852920532,1.0258857230383e-07,0.2032652497291565,0.614317774772644,0.009874691255390644,0.2904718816280365,0.5768073201179504,-0.008015362545847893,0.3504865765571594,0.5974686145782471,-0.03142213821411133,0.38152217864990234,0.6334731578826904,-0.05509604513645172,0.31027674674987793,0.510714054107666,-0.04278402775526047,0.39050960540771484,0.48842480778694153,-0.07358627766370773,0.4382205307483673,0.4802137613296509,-0.09048186242580414,0.475482702255249,0.4807038903236389,-0.10164336860179901,0.29130277037620544,0.5546998977661133,-0.06916649639606476,0.39022886753082275,0.6734694838523865,-0.10430894792079926,0.35135021805763245,0.6831035614013672,-0.10262911766767502,0.31600263714790344,0.6534820795059204,-0.09814414381980896,0.26655715703964233,0.6190988421440125,-0.09323835372924805,0.35404759645462036,0.7320677042007446,-0.1189223974943161,0.3132864534854889,0.7230759859085083,-0.10062941163778305,0.2853163480758667,0.6878067851066589,-0.08616673946380615,0.24034249782562256,0.688273549079895,-0.11683408915996552,0.31829404830932617,0.7677066922187805,-0.12261369079351425,0.28844740986824036,0.7574973702430725,-0.10060809552669525,0.2587023377418518,0.7255374193191528,-0.08467134088277817,Q
0.7849689722061157,0.5922841429710388,3.266223131959123e-07,0.7345936894416809,0.49068012833595276,-0.026948431506752968,0.6293830871582031,0.44430649280548096,-0.04895763471722603,0.5420262813568115,0.4584287405014038,-0.061139192432165146,0.4835301339626312,0.4801374673843384,-0.07364674657583237,0.6577940583229065,0.4833405017852783,-0.10185424238443375,0.5419157147407532,0.5117337703704834,-0.13058310747146606,0.4855697751045227,0.5166521668434143,-0.13690362870693207,0.4524567723274231,0.5256577134132385,-0.13790875673294067,0.6681725978851318,0.5846751928329468,-0.09972098469734192,0.5236079096794128,0.5886610746383667,-0.13047058880329132,0.5436376333236694,0.5522783994674683,-0.12457272410392761,0.5928581357002258,0.5390820503234863,-0.11604484170675278,0.6763908267021179,0.6644446849822998,-0.09336277842521667,0.5509172081947327,0.6472049951553345,-0.11361050605773926,0.5754689574241638,0.6128472685813904,-0.09022846072912216,0.616178035736084,0.6050302982330322,-0.07227274775505066,0.6802930235862732,0.7281534671783447,-0.08789128065109253,0.578566312789917,0.6974005103111267,-0.09921225905418396,0.6015913486480713,0.6664543151855469,-0.0813298150897026,0.6354630589485168,0.6632094979286194,-0.06811101734638214,0.13104203343391418,0.6874973773956299,9.745161122509671e-08,0.2004038393497467,0.614140510559082,0.010094739496707916,0.2875315845012665,0.5793044567108154,-0.00676861684769392,0.3485376834869385,0.6049310564994812,-0.029348667711019516,0.38245511054992676,0.644730269908905,-0.052123840898275375,0.309914231300354,0.5106040835380554,-0.03952249139547348,0.39037132263183594,0.48690348863601685,-0.06976258009672165,0.4388035237789154,0.48031777143478394,-0.08709124475717545,0.4752282500267029,0.48111361265182495,-0.09845831245183945,0.2915610074996948,0.5548810958862305,-0.06544207036495209,0.3876406252384186,0.6707451343536377,-0.09908414632081985,0.350264310836792,0.6810003519058228,-0.09836512058973312,0.3163732588291168,0.6505716443061829,-0.09504193067550659,0.2671357989311218,0.6190797090530396,-0.08914539963006973,0.352993369102478,0.7300320267677307,-0.11467574536800385,0.31288212537765503,0.7225584387779236,-0.09746445715427399,0.28539344668388367,0.6879584193229675,-0.08375146239995956,0.240850031375885,0.6876964569091797,-0.11228370666503906,0.31744420528411865,0.7663862705230713,-0.11827225238084793,0.28751102089881897,0.7571847438812256,-0.09639281034469604,0.2578047215938568,0.7259339690208435,-0.08038394898176193,Q
0.788694441318512,0.6007629632949829,3.154204080146883e-07,0.7406481504440308,0.49576351046562195,-0.02759290114045143,0.6359398365020752,0.44616764783859253,-0.04899263381958008,0.5483912229537964,0.4592363238334656,-0.06067907437682152,0.4890674650669098,0.48074495792388916,-0.07286816090345383,0.6591209769248962,0.4844871759414673,-0.09835166484117508,0.5453110933303833,0.5120517015457153,-0.1267332136631012,0.48681196570396423,0.5171970725059509,-0.13413682579994202,0.4515054225921631,0.5266926288604736,-0.13624447584152222,0.6677690744400024,0.5852524638175964,-0.0962795615196228,0.5245615839958191,0.5883002877235413,-0.1267496943473816,0.5448243021965027,0.5532026290893555,-0.12218968570232391,0.5949648022651672,0.5417587161064148,-0.11455032229423523,0.6756846904754639,0.6654598712921143,-0.0902848020195961,0.5513534545898438,0.6491883993148804,-0.11066900193691254,0.5761513113975525,0.6161396503448486,-0.08817526698112488,0.6174353361129761,0.6095805764198303,-0.0707441195845604,0.6798983812332153,0.7297890186309814,-0.08530350029468536,0.5781096816062927,0.699312150478363,-0.09725462645292282,0.6017404794692993,0.6691309213638306,-0.07968883961439133,0.6365785598754883,0.6667108535766602,-0.06653089076280594,0.1315249651670456,0.6877286434173584,1.0579154263723467e-07,0.20107173919677734,0.6145850419998169,0.008566353470087051,0.2885271906852722,0.5793938636779785,-0.00871517788618803,0.34929776191711426,0.6041806936264038,-0.0314616896212101,0.3826645612716675,0.6431600451469421,-0.054193105548620224,0.3096388876438141,0.5101981163024902,-0.04021334648132324,0.3908849358558655,0.4866713881492615,-0.07092908769845963,0.4396118223667145,0.4801906943321228,-0.08858305215835571,0.4762187600135803,0.48145025968551636,-0.10015389323234558,0.2908768355846405,0.5546970963478088,-0.06547363102436066,0.3877165913581848,0.6709638833999634,-0.10023905336856842,0.35053950548171997,0.6808397173881531,-0.10014445334672928,0.31689003109931946,0.6504569053649902,-0.0969475731253624,0.26670387387275696,0.6188914775848389,-0.0886833593249321,0.3529239892959595,0.7301139831542969,-0.11488061398267746,0.31295812129974365,0.7220906615257263,-0.09798772633075714,0.285766065120697,0.6872279644012451,-0.08427013456821442,0.2410142570734024,0.6875636577606201,-0.1114955022931099,0.31780868768692017,0.7664766907691956,-0.11810322850942612,0.2877306044101715,0.7568289041519165,-0.0967138409614563,0.25805675983428955,0.7252107262611389,-0.08090699464082718,Q
0.7864363193511963,0.5988013744354248,3.3504932162031764e-07,0.7367446422576904,0.49484947323799133,-0.02975400723516941,0.6282917261123657,0.45000147819519043,-0.052278030663728714,0.5388071537017822,0.4633750319480896,-0.06463032215833664,0.4757429361343384,0.479648619890213,-0.07765468209981918,0.659045398235321,0.4830782413482666,-0.10038075596094131,0.548075795173645,0.5102441906929016,-0.13032454252243042,0.4871879518032074,0.5119055509567261,-0.1393103450536728,0.4487830698490143,0.5184635519981384,-0.14266352355480194,0.668519139289856,0.5845509171485901,-0.09805062413215637,0.5227698683738708,0.587354302406311,-0.1315794438123703,0.5459595918655396,0.5521089434623718,-0.12847214937210083,0.5988673567771912,0.5415604710578918,-0.12110231816768646,0.6765127778053284,0.6657118797302246,-0.09181484580039978,0.5500955581665039,0.6493403315544128,-0.11623533070087433,0.5777491331100464,0.6154751181602478,-0.09380941838026047,0.620471715927124,0.6094101071357727,-0.07514265179634094,0.6801742315292358,0.730768084526062,-0.0865083560347557,0.5772538781166077,0.7007622718811035,-0.10128817707300186,0.6028078198432922,0.6695600152015686,-0.08318578451871872,0.639333188533783,0.6673769950866699,-0.06901676952838898,0.12985368072986603,0.6855670809745789,1.0865317534580754e-07,0.2004833072423935,0.6135205626487732,0.009027428925037384,0.28933587670326233,0.582287609577179,-0.00852725189179182,0.35129469633102417,0.6111575365066528,-0.03163973242044449,0.3850403428077698,0.6518089771270752,-0.05486324056982994,0.30830061435699463,0.5111084580421448,-0.04095277562737465,0.3913540840148926,0.4873223304748535,-0.07140637189149857,0.4419538676738739,0.4817255735397339,-0.08891332149505615,0.4800192713737488,0.48356568813323975,-0.10043760389089584,0.2897097170352936,0.556679368019104,-0.06667780876159668,0.3855806589126587,0.6702464818954468,-0.10083696246147156,0.3485403060913086,0.681174635887146,-0.10074317455291748,0.3152901232242584,0.6520537734031677,-0.09788303077220917,0.2656765878200531,0.6216818690299988,-0.09016687422990799,0.3514607548713684,0.7309032082557678,-0.11574099957942963,0.31180813908576965,0.7239508628845215,-0.09820482134819031,0.2848178744316101,0.6902922987937927,-0.08435286581516266,0.2401571124792099,0.6905147433280945,-0.11325301975011826,0.317076712846756,0.767206072807312,-0.11907486617565155,0.287803053855896,0.7584132552146912,-0.096712127327919,0.25828805565834045,0.7279224991798401,-0.0804445818066597,Q
0.7869049906730652,0.5991614460945129,3.559374306405516e-07,0.7373036742210388,0.49499863386154175,-0.029080945998430252,0.6340965628623962,0.44609808921813965,-0.0518333725631237,0.5496273636817932,0.4579677879810333,-0.06487730890512466,0.4888494610786438,0.4753623306751251,-0.07813197374343872,0.6587212681770325,0.48682764172554016,-0.09855405986309052,0.5445271730422974,0.5165563225746155,-0.12810714542865753,0.48445963859558105,0.5158959031105042,-0.13652189075946808,0.4483327865600586,0.5185672640800476,-0.1390261948108673,0.6679157018661499,0.5867077112197876,-0.09626543521881104,0.522294282913208,0.5873560905456543,-0.1290544718503952,0.5444276332855225,0.5509787797927856,-0.12602108716964722,0.5973657965660095,0.5396330952644348,-0.11863899230957031,0.675820529460907,0.6661888957023621,-0.0901995599269867,0.5491275191307068,0.6498864889144897,-0.11305950582027435,0.5747551321983337,0.6153560280799866,-0.09134110063314438,0.617296040058136,0.608195960521698,-0.07350075244903564,0.6789056658744812,0.72995525598526,-0.08521206676959991,0.5751907229423523,0.6985061168670654,-0.09930198639631271,0.5989981889724731,0.6668476462364197,-0.0823613628745079,0.6348289251327515,0.6633334159851074,-0.06904474645853043,0.13010646402835846,0.6872097849845886,1.2510517422015255e-07,0.19977355003356934,0.6142593622207642,0.008312908932566643,0.28815582394599915,0.5817714929580688,-0.00989243108779192,0.3499879240989685,0.6085523962974548,-0.03337011858820915,0.38370734453201294,0.6468793153762817,-0.05692944675683975,0.30834248661994934,0.5109289288520813,-0.04369204863905907,0.39323264360427856,0.48672857880592346,-0.07571013271808624,0.44518905878067017,0.4817807376384735,-0.09383980929851532,0.48450666666030884,0.4849971830844879,-0.10543699562549591,0.289276659488678,0.5565377473831177,-0.06912264972925186,0.38673311471939087,0.6718279123306274,-0.10447969287633896,0.3490343391895294,0.6815614104270935,-0.1038183644413948,0.3154383599758148,0.6510851979255676,-0.10022582113742828,0.26511961221694946,0.6214910745620728,-0.09239635616540909,0.3521803319454193,0.7317194938659668,-0.11832428723573685,0.31185415387153625,0.7238155007362366,-0.09989991039037704,0.2844851613044739,0.6889057755470276,-0.08534898608922958,0.23957517743110657,0.6904529929161072,-0.11535531282424927,0.31706419587135315,0.767745316028595,-0.121219202876091,0.28730401396751404,0.7586197257041931,-0.09853482991456985,0.2580525577068329,0.7269715666770935,-0.08195526152849197,Q
0.7852221727371216,0.5977782011032104,3.3961592293962894e-07,0.7365126013755798,0.4930835962295532,-0.028913073241710663,0.6318180561065674,0.4459042549133301,-0.05157984793186188,0.5455966591835022,0.4571608901023865,-0.06432929635047913,0.4831532835960388,0.47203099727630615,-0.07736485451459885,0.6555063724517822,0.48508381843566895,-0.10275845229625702,0.5353075861930847,0.5142471194267273,-0.13239537179470062,0.4789530038833618,0.5120019316673279,-0.1395365446805954,0.4478219747543335,0.5132278203964233,-0.14058011770248413,0.6654972434043884,0.5855057835578918,-0.09973417222499847,0.5206759572029114,0.5877705216407776,-0.130228191614151,0.541776180267334,0.5515050292015076,-0.12460386753082275,0.5933378338813782,0.5393368005752563,-0.11646536737680435,0.6742589473724365,0.6651660799980164,-0.09292437881231308,0.5480910539627075,0.6473680734634399,-0.11339449882507324,0.5734414458274841,0.6138661503791809,-0.09031419456005096,0.6147168278694153,0.6070294380187988,-0.07271197438240051,0.6779372096061707,0.7291358709335327,-0.08720169216394424,0.5751481056213379,0.6966052055358887,-0.09980855882167816,0.5990361571311951,0.6659466028213501,-0.0824647918343544,0.6338288187980652,0.6632435321807861,-0.06946241110563278,0.12970778346061707,0.686495304107666,1.2232884216700768e-07,0.20085036754608154,0.613142192363739,0.008375749923288822,0.289000004529953,0.5796805024147034,-0.010202576406300068,0.35025641322135925,0.6050617694854736,-0.03402816876769066,0.38284629583358765,0.6445090770721436,-0.057920102030038834,0.30807164311408997,0.5104615688323975,-0.04600540176033974,0.3933328092098236,0.4860488176345825,-0.07923866808414459,0.44618844985961914,0.48155152797698975,-0.09794136881828308,0.4861874580383301,0.48556122183799744,-0.10967031121253967,0.2887762188911438,0.5555920004844666,-0.07157276570796967,0.3853069245815277,0.6723036766052246,-0.10722990334033966,0.3483174443244934,0.681682825088501,-0.1061677485704422,0.31574738025665283,0.6511787176132202,-0.10243777185678482,0.2644868493080139,0.6205156445503235,-0.0949477031826973,0.3506559431552887,0.7324354648590088,-0.12157752364873886,0.3106968402862549,0.7237871885299683,-0.10343172401189804,0.2838246822357178,0.6886981129646301,-0.08894845843315125,0.23923833668231964,0.6901443600654602,-0.11796151101589203,0.31626075506210327,0.7687749862670898,-0.12408049404621124,0.2871561050415039,0.7593477964401245,-0.10142043232917786,0.25766855478286743,0.7278996109962463,-0.08473972976207733,Q
0.7846547365188599,0.5961690545082092,3.334341158733878e-07,0.7367504239082336,0.492286741733551,-0.028111327439546585,0.6336029767990112,0.44485318660736084,-0.05113402009010315,0.5481707453727722,0.4552624821662903,-0.06455454230308533,0.4865899682044983,0.4731307625770569,-0.07824590802192688,0.6555042266845703,0.48428332805633545,-0.10323645174503326,0.5328008532524109,0.5157685279846191,-0.1344117671251297,0.4777141809463501,0.5123734474182129,-0.14252568781375885,0.44926774501800537,0.5121443271636963,-0.14374598860740662,0.6652534604072571,0.5846081376075745,-0.10059946030378342,0.5207093954086304,0.587627649307251,-0.13182790577411652,0.5424061417579651,0.5521474480628967,-0.12632715702056885,0.594059407711029,0.5403123497962952,-0.11826226860284805,0.6738482713699341,0.6644272208213806,-0.09421933442354202,0.54754638671875,0.6481857299804688,-0.11470435559749603,0.57292640209198,0.6151949763298035,-0.09134779870510101,0.6147242188453674,0.6081095933914185,-0.07364065200090408,0.6778447031974792,0.728556215763092,-0.08891208469867706,0.5748600959777832,0.697230875492096,-0.10149016231298447,0.598811149597168,0.6669830679893494,-0.08393498510122299,0.6340255737304688,0.6639186143875122,-0.07070672512054443,0.12877435982227325,0.6868778467178345,1.1610339356593613e-07,0.2006082534790039,0.613631010055542,0.008196771144866943,0.2890762686729431,0.5798857808113098,-0.010207584127783775,0.3504125773906708,0.6051009893417358,-0.03384392336010933,0.3827299475669861,0.6445702910423279,-0.05754991993308067,0.3075235188007355,0.5110625624656677,-0.04544684290885925,0.39214515686035156,0.48764699697494507,-0.07808727771043777,0.44445449113845825,0.4823117256164551,-0.0966445729136467,0.48452460765838623,0.4850485622882843,-0.10851512849330902,0.2880767583847046,0.5562050938606262,-0.07098458707332611,0.3850480318069458,0.672980546951294,-0.10636310279369354,0.34822821617126465,0.6826130747795105,-0.10549329221248627,0.3156059682369232,0.6524279117584229,-0.10197532922029495,0.2639203369617462,0.6208765506744385,-0.09435031563043594,0.3502300977706909,0.7326441407203674,-0.12053269147872925,0.31046056747436523,0.7240940928459167,-0.1026483029127121,0.28348058462142944,0.6890503764152527,-0.08845529705286026,0.23882459104061127,0.6903423070907593,-0.11743651330471039,0.31615370512008667,0.7691513299942017,-0.12313904613256454,0.28735610842704773,0.7595884799957275,-0.10076627880334854,0.25773507356643677,0.7283630967140198,-0.08443823456764221,Q
0.7846840023994446,0.5967298150062561,3.360365496973827e-07,0.737044632434845,0.4925972521305084,-0.027469400316476822,0.6346900463104248,0.4438980221748352,-0.050079233944416046,0.5497497916221619,0.45420339703559875,-0.06318917125463486,0.4883551299571991,0.47199228405952454,-0.0765409991145134,0.65558260679245,0.48579102754592896,-0.10235660523176193,0.5320486426353455,0.5168972611427307,-0.13278990983963013,0.47698676586151123,0.5120970606803894,-0.14040549099445343,0.449018269777298,0.5110003352165222,-0.14128905534744263,0.6649079918861389,0.5858333110809326,-0.09975619614124298,0.5208689570426941,0.5872796177864075,-0.13004784286022186,0.5420112609863281,0.550689697265625,-0.12435147911310196,0.5932751297950745,0.5391852259635925,-0.11631744354963303,0.6734883189201355,0.6650480628013611,-0.09331928938627243,0.5476412773132324,0.6479760408401489,-0.1126631572842598,0.5725606083869934,0.6140291094779968,-0.08931887149810791,0.6142274141311646,0.607123076915741,-0.07192270457744598,0.6779060959815979,0.7285872101783752,-0.08793976157903671,0.5754778981208801,0.6973507404327393,-0.09976455569267273,0.5988277792930603,0.666638195514679,-0.08226529508829117,0.6336473226547241,0.6638154983520508,-0.06920094043016434,0.12931670248508453,0.6866599321365356,1.2591237918968545e-07,0.1995229721069336,0.6137592196464539,0.007486680056899786,0.28681179881095886,0.5778499245643616,-0.010539095848798752,0.3477416932582855,0.6003952026367188,-0.03366229683160782,0.3812132477760315,0.6371926069259644,-0.05674327164888382,0.3068794310092926,0.5107043385505676,-0.04431048780679703,0.3920530080795288,0.48706480860710144,-0.07725454121828079,0.4448068141937256,0.4827272593975067,-0.09598622471094131,0.4848255515098572,0.4868023991584778,-0.10773344337940216,0.2877795100212097,0.555694043636322,-0.06901635974645615,0.38577648997306824,0.6723336577415466,-0.10502861440181732,0.34883052110671997,0.6822501420974731,-0.10464449226856232,0.3157203793525696,0.6517167091369629,-0.10100050270557404,0.26420164108276367,0.6201886534690857,-0.09172727167606354,0.350889652967453,0.7318429946899414,-0.11848318576812744,0.31081435084342957,0.7235755324363708,-0.10109110176563263,0.2836456298828125,0.6880548596382141,-0.08686049282550812,0.23960086703300476,0.6894615292549133,-0.11415331810712814,0.31655368208885193,0.7686108946800232,-0.1205659955739975,0.287304550409317,0.759442150592804,-0.09876760095357895,0.2579951584339142,0.7275698781013489,-0.08252093195915222,Q
0.7844948172569275,0.5948492288589478,3.2509134939573414e-07,0.7375088334083557,0.4931718707084656,-0.0255937110632658,0.636391282081604,0.445997416973114,-0.04845808073878288,0.5515843629837036,0.45409947633743286,-0.06209037825465202,0.4898506999015808,0.46942904591560364,-0.07621000707149506,0.6550484895706177,0.4818618595600128,-0.10480847209692001,0.5276031494140625,0.5170273780822754,-0.13563087582588196,0.4746586084365845,0.5130961537361145,-0.14305457472801208,0.45025962591171265,0.511340320110321,-0.14344453811645508,0.6645452380180359,0.5814798474311829,-0.10272883623838425,0.521522581577301,0.5873174071311951,-0.131577730178833,0.541254997253418,0.552350640296936,-0.12430871278047562,0.5916656851768494,0.5401630997657776,-0.11600162088871002,0.673578679561615,0.6616764068603516,-0.09664011001586914,0.5489992499351501,0.6477535963058472,-0.1138128936290741,0.5731981992721558,0.6154567003250122,-0.0893547460436821,0.6142621636390686,0.6082620620727539,-0.07226637750864029,0.6787011027336121,0.7269163131713867,-0.09152480214834213,0.5782365798950195,0.6975017786026001,-0.10185370594263077,0.6008495688438416,0.6681687235832214,-0.08374927937984467,0.6343631744384766,0.6654931902885437,-0.07069462537765503,0.12915915250778198,0.6883604526519775,1.25322458188748e-07,0.19911739230155945,0.614447295665741,0.008066301234066486,0.28749004006385803,0.5794681906700134,-0.010158569552004337,0.34906792640686035,0.6037183403968811,-0.03364450857043266,0.3816361427307129,0.6427184343338013,-0.057179540395736694,0.3069082498550415,0.5107446908950806,-0.04449617490172386,0.39206069707870483,0.48709020018577576,-0.0776263028383255,0.44469138979911804,0.48246246576309204,-0.09661757200956345,0.4850446581840515,0.4862571656703949,-0.1085892841219902,0.28770121932029724,0.5558119416236877,-0.06997036933898926,0.3859764337539673,0.6734194755554199,-0.10595476627349854,0.348453164100647,0.6823643445968628,-0.10539057105779648,0.3150866627693176,0.6517949104309082,-0.10177028924226761,0.26350632309913635,0.6202274560928345,-0.09340697526931763,0.35023215413093567,0.7323872447013855,-0.12002337723970413,0.3097706735134125,0.7229791283607483,-0.102302685379982,0.28276050090789795,0.6877248883247375,-0.08799105882644653,0.23811984062194824,0.6891389489173889,-0.11655636131763458,0.3160308301448822,0.7677780389785767,-0.12253611534833908,0.2865990996360779,0.7579663395881653,-0.10013160854578018,0.2567618191242218,0.7264161705970764,-0.0836591124534607,Q
0.7831645011901855,0.5930289626121521,3.4743263199743524e-07,0.7353089451789856,0.4909580945968628,-0.028280647471547127,0.6312516331672668,0.4453893303871155,-0.052156366407871246,0.5441558957099915,0.4557274281978607,-0.06597667187452316,0.48263970017433167,0.4750514030456543,-0.08042337000370026,0.654513955116272,0.48143473267555237,-0.107700414955616,0.5323050022125244,0.51206374168396,-0.13964267075061798,0.4758418798446655,0.5102685689926147,-0.14820411801338196,0.4455861449241638,0.5122636556625366,-0.14989809691905975,0.6642802953720093,0.5823624730110168,-0.105203777551651,0.5203509330749512,0.5864101052284241,-0.1365175098180771,0.5418220162391663,0.5509821176528931,-0.130097433924675,0.593457043170929,0.5388922691345215,-0.1217651218175888,0.6734357476234436,0.6630455851554871,-0.09868630766868591,0.5482893586158752,0.6472674608230591,-0.11883871257305145,0.573767900466919,0.6138206720352173,-0.09414750337600708,0.6154677271842957,0.606956958770752,-0.07596374303102493,0.6785063743591309,0.7279168367385864,-0.09324070066213608,0.5769224762916565,0.6976807117462158,-0.10528326779603958,0.6005783081054688,0.6673545837402344,-0.08656632900238037,0.6349673867225647,0.6651082038879395,-0.07277093827724457,0.12873615324497223,0.6890361905097961,1.0744872014356588e-07,0.19996677339076996,0.6152739524841309,0.009052274748682976,0.2887499928474426,0.579723060131073,-0.0084689911454916,0.34982332587242126,0.6039119958877563,-0.03155942261219025,0.38166362047195435,0.6435620188713074,-0.054711680859327316,0.3071992099285126,0.5104498863220215,-0.042121563106775284,0.3900669515132904,0.48797017335891724,-0.07418612390756607,0.44089359045028687,0.4824441075325012,-0.09267232567071915,0.4799521565437317,0.4850269556045532,-0.10459256917238235,0.28787654638290405,0.5552319884300232,-0.06821490079164505,0.3861013948917389,0.6726611852645874,-0.10369899123907089,0.3486821949481964,0.6819782853126526,-0.10334506630897522,0.3149782419204712,0.6520450711250305,-0.09993337094783783,0.26341259479522705,0.6196261644363403,-0.09224435687065125,0.3502233624458313,0.7314690351486206,-0.11868563294410706,0.30975309014320374,0.7225083112716675,-0.1014544740319252,0.28257548809051514,0.687756359577179,-0.08747614920139313,0.23773080110549927,0.6887342929840088,-0.11591299623250961,0.3159475326538086,0.7674146890640259,-0.12191925942897797,0.2864517867565155,0.7574851512908936,-0.09992554783821106,0.2564181387424469,0.7262893915176392,-0.08379184454679489,Q
0.7852315306663513,0.600175678730011,3.2108459890878294e-07,0.7380517721176147,0.49662211537361145,-0.02706880122423172,0.6363517045974731,0.44534802436828613,-0.04902799427509308,0.5518433451652527,0.45343318581581116,-0.061381351202726364,0.4917319416999817,0.47460922598838806,-0.07405108958482742,0.6543651819229126,0.48440131545066833,-0.10123712569475174,0.531396746635437,0.5178733468055725,-0.13075552880764008,0.47635596990585327,0.5156424045562744,-0.13799987733364105,0.4490434527397156,0.5165523886680603,-0.13868528604507446,0.6635429859161377,0.5842739939689636,-0.09832371026277542,0.5222904682159424,0.5890231728553772,-0.12723587453365326,0.543607234954834,0.5529051423072815,-0.12094803899526596,0.595270037651062,0.5409408807754517,-0.11272389441728592,0.6725255250930786,0.6640037894248962,-0.09162041544914246,0.5505083799362183,0.6498525142669678,-0.10986108332872391,0.5762839317321777,0.6172903180122375,-0.08646859973669052,0.6179312467575073,0.610687255859375,-0.06929214298725128,0.6776013374328613,0.728604793548584,-0.08598553389310837,0.5789003372192383,0.6985812187194824,-0.09704682976007462,0.6027839779853821,0.6695375442504883,-0.07951969653367996,0.636711597442627,0.6674622297286987,-0.0665414109826088,0.12872368097305298,0.6875972747802734,1.1854825032742156e-07,0.1995287835597992,0.614798903465271,0.007713135331869125,0.28768637776374817,0.582038402557373,-0.01083088293671608,0.35007914900779724,0.6094009280204773,-0.03460189700126648,0.3840937614440918,0.6502366065979004,-0.05837751924991608,0.3058850169181824,0.5095982551574707,-0.04425818473100662,0.39065298438072205,0.4882175922393799,-0.07677420228719711,0.44246867299079895,0.48227429389953613,-0.09565498679876328,0.4826012849807739,0.4834228754043579,-0.10797035694122314,0.2866196036338806,0.5553247928619385,-0.06965053826570511,0.38432109355926514,0.671978771686554,-0.10543353855609894,0.3465363681316376,0.681769073009491,-0.10519401729106903,0.3129642903804779,0.6515971422195435,-0.10206745564937592,0.2625460624694824,0.6204317212104797,-0.09295644611120224,0.3499962389469147,0.7308353781700134,-0.11986354738473892,0.30926501750946045,0.7222634553909302,-0.10219994932413101,0.28149110078811646,0.6872926950454712,-0.0880008190870285,0.23769374191761017,0.6899627447128296,-0.11597894877195358,0.3155965507030487,0.7669259905815125,-0.12263801693916321,0.2859169840812683,0.7571983933448792,-0.10057825595140457,0.2561030685901642,0.7258138060569763,-0.08436297625303268,Q
0.7821234464645386,0.597428023815155,3.3151624734273355e-07,0.7330273389816284,0.49265575408935547,-0.030114896595478058,0.6224383115768433,0.45139607787132263,-0.053764041513204575,0.5312822461128235,0.46654012799263,-0.0666741281747818,0.46704214811325073,0.48312830924987793,-0.08035579323768616,0.6547251343727112,0.4811759889125824,-0.10844869166612625,0.5371795892715454,0.511699914932251,-0.13997484743595123,0.4789297878742218,0.5115996599197388,-0.14868667721748352,0.4450152814388275,0.5159051418304443,-0.151180237531662,0.6654558181762695,0.5834718346595764,-0.1055685505270958,0.5192920565605164,0.5880827307701111,-0.13803713023662567,0.5420067310333252,0.5509000420570374,-0.13272695243358612,0.5942588448524475,0.5383507609367371,-0.12496523559093475,0.6742604970932007,0.6649121046066284,-0.09860307723283768,0.5462486743927002,0.648798942565918,-0.12123800814151764,0.57408207654953,0.6135323643684387,-0.09698551893234253,0.6167282462120056,0.6065302491188049,-0.07830889523029327,0.6785088777542114,0.7301005721092224,-0.09261924028396606,0.574330747127533,0.699471116065979,-0.1066497266292572,0.5993577241897583,0.6672936081886292,-0.08809928596019745,0.6353169083595276,0.6648993492126465,-0.07420015335083008,0.12927672266960144,0.6876139640808105,9.983271098690238e-08,0.2007051259279251,0.6145623326301575,0.009973875246942043,0.2897401750087738,0.5818902850151062,-0.007002944126725197,0.35083791613578796,0.6091303825378418,-0.02963114157319069,0.3838300108909607,0.6496599316596985,-0.05231261998414993,0.30774086713790894,0.5104390978813171,-0.042166970670223236,0.3908368647098541,0.48954832553863525,-0.07345801591873169,0.4409072995185852,0.4837738275527954,-0.09120529890060425,0.47898393869400024,0.4864620566368103,-0.10264711827039719,0.2881040573120117,0.5550445318222046,-0.06866975128650665,0.3852505087852478,0.6743693947792053,-0.10284008830785751,0.34806564450263977,0.6836217641830444,-0.10190602391958237,0.31485000252723694,0.6537233591079712,-0.09849163889884949,0.2632295787334442,0.6196434497833252,-0.09296251088380814,0.3494742512702942,0.7331576347351074,-0.11867374926805496,0.309139609336853,0.7243508696556091,-0.10137082636356354,0.2822660803794861,0.6894186735153198,-0.08764077723026276,0.2372654527425766,0.6891480684280396,-0.11678119003772736,0.31527453660964966,0.7696280479431152,-0.1223856583237648,0.2864910364151001,0.7598417401313782,-0.10020671039819717,0.25660496950149536,0.7285680174827576,-0.08407558500766754,Q
0.7819457054138184,0.600189208984375,3.342430261454865e-07,0.7340520024299622,0.4967953562736511,-0.02767714112997055,0.6305443644523621,0.447762131690979,-0.050410687923431396,0.5459388494491577,0.4593204855918884,-0.06360254436731339,0.48646414279937744,0.4798947870731354,-0.0771486833691597,0.6525657176971436,0.4873911440372467,-0.1020197793841362,0.5317491888999939,0.520293653011322,-0.13338133692741394,0.47725069522857666,0.5169233083724976,-0.14251892268657684,0.4495295584201813,0.5175349712371826,-0.1447221338748932,0.6628281474113464,0.587753415107727,-0.1001010462641716,0.5199578404426575,0.5910255312919617,-0.132049560546875,0.5431413054466248,0.5536242723464966,-0.12780041992664337,0.595630407333374,0.5411019921302795,-0.1205323189496994,0.6726284623146057,0.6671027541160583,-0.09435977041721344,0.5498652458190918,0.6527287364006042,-0.11549252271652222,0.576867401599884,0.6192429065704346,-0.09223070740699768,0.6190171241760254,0.6126143336296082,-0.07455692440271378,0.6781889796257019,0.7310658097267151,-0.08972713351249695,0.5775098204612732,0.7009826898574829,-0.10252352803945541,0.6026099324226379,0.6711275577545166,-0.08441855013370514,0.6374144554138184,0.6688864827156067,-0.07086588442325592,0.12835481762886047,0.6878376603126526,1.0945966977260468e-07,0.19864439964294434,0.6156314015388489,0.008039982989430428,0.287601500749588,0.5841026306152344,-0.009983151219785213,0.3499365448951721,0.6127392053604126,-0.03340483829379082,0.38390249013900757,0.6527082920074463,-0.05681801587343216,0.30712631344795227,0.5112200379371643,-0.042598653584718704,0.39126574993133545,0.4907841980457306,-0.07474786788225174,0.44270235300064087,0.48544132709503174,-0.09355073422193527,0.48207756876945496,0.4865460991859436,-0.10585818439722061,0.28804802894592285,0.5564281940460205,-0.06823832541704178,0.3838645815849304,0.6733072996139526,-0.10364986956119537,0.34600988030433655,0.6834021806716919,-0.10375366359949112,0.3129565417766571,0.6529597043991089,-0.10097901523113251,0.26363521814346313,0.6211449503898621,-0.09186722338199615,0.3493529260158539,0.7320600748062134,-0.11902786791324615,0.3088639974594116,0.7245662212371826,-0.10175088793039322,0.2818700671195984,0.6897066235542297,-0.08775617182254791,0.2378692328929901,0.6903153657913208,-0.11517292261123657,0.31552746891975403,0.7686256170272827,-0.12195420265197754,0.2863963544368744,0.7599497437477112,-0.09985270351171494,0.25678524374961853,0.7289602160453796,-0.08360587805509567,Q
0.782228946685791,0.5987997055053711,3.447726442118437e-07,0.7341123223304749,0.4943276643753052,-0.027100427076220512,0.6306362152099609,0.4453344941139221,-0.049450382590293884,0.5458961129188538,0.4578442871570587,-0.062129244208335876,0.48605895042419434,0.47798052430152893,-0.07519284635782242,0.6521062850952148,0.4881671965122223,-0.102146677672863,0.5323656797409058,0.5210412740707397,-0.13288725912570953,0.47698479890823364,0.5173848867416382,-0.14148695766925812,0.4485144019126892,0.5178728699684143,-0.14331434667110443,0.6622515320777893,0.5893058776855469,-0.10012467950582504,0.5194954872131348,0.5905194282531738,-0.1311589926481247,0.541766881942749,0.5517269968986511,-0.1263348013162613,0.5938237905502319,0.5392782688140869,-0.11871428042650223,0.6721057891845703,0.6683595776557922,-0.0940813273191452,0.5494474172592163,0.6510722637176514,-0.11424809694290161,0.5756760835647583,0.6161547303199768,-0.09071958065032959,0.6174214482307434,0.6097903251647949,-0.07300753146409988,0.6781153082847595,0.7315027117729187,-0.08903949707746506,0.5773320198059082,0.6996157765388489,-0.10103210061788559,0.6016570329666138,0.6684306263923645,-0.0826093778014183,0.6360898017883301,0.6663915514945984,-0.06888442486524582,0.12886866927146912,0.688665509223938,1.2470762555949477e-07,0.19833460450172424,0.6157974600791931,0.0072393049485981464,0.2864108085632324,0.5830710530281067,-0.011094926856458187,0.34825626015663147,0.6096841096878052,-0.03452504053711891,0.381956547498703,0.6471659541130066,-0.05784062296152115,0.30738112330436707,0.5107626914978027,-0.04469405114650726,0.3930940628051758,0.4899488091468811,-0.07810907810926437,0.4460943341255188,0.4858107566833496,-0.09751486778259277,0.48618435859680176,0.4888554513454437,-0.1098136305809021,0.2877577841281891,0.5561713576316833,-0.0697464719414711,0.38427895307540894,0.6738486886024475,-0.10552339255809784,0.34631043672561646,0.6825783252716064,-0.10503236949443817,0.31304314732551575,0.6507864594459534,-0.101746566593647,0.26327261328697205,0.6208112239837646,-0.09292302280664444,0.3499920070171356,0.7325373888015747,-0.12019762396812439,0.3092324435710907,0.7238825559616089,-0.10249123722314835,0.28181976079940796,0.6879873275756836,-0.08817243576049805,0.23759010434150696,0.6902071833610535,-0.11584698408842087,0.31563469767570496,0.7691859006881714,-0.1226230040192604,0.28652259707450867,0.7599412798881531,-0.10034219920635223,0.25681695342063904,0.7280639410018921,-0.08386218547821045,Q
0.783735454082489,0.5977796912193298,3.632256948549184e-07,0.7340424060821533,0.4934900403022766,-0.028023138642311096,0.6301133036613464,0.44325700402259827,-0.05060982331633568,0.5445696711540222,0.45567774772644043,-0.0629095733165741,0.4860965609550476,0.4829290509223938,-0.07547871768474579,0.6541692614555359,0.49298858642578125,-0.10613690316677094,0.5314550995826721,0.5231612324714661,-0.13551631569862366,0.4764029085636139,0.5189946293830872,-0.14203986525535583,0.44726353883743286,0.5193568468093872,-0.14256976544857025,0.6639217734336853,0.5933593511581421,-0.10297682136297226,0.5198718905448914,0.5915321707725525,-0.13202883303165436,0.5399355888366699,0.5507751107215881,-0.1253255009651184,0.5900259017944336,0.537497341632843,-0.11699610203504562,0.6728638410568237,0.6713678240776062,-0.09559781849384308,0.5475428104400635,0.6504197716712952,-0.11314724385738373,0.5721890330314636,0.6138280630111694,-0.0889352336525917,0.612926721572876,0.6071845889091492,-0.07161372900009155,0.6777319312095642,0.7324998378753662,-0.08941243588924408,0.5766205787658691,0.6981824040412903,-0.09965302795171738,0.5990753769874573,0.6663255095481873,-0.08164872974157333,0.6320149898529053,0.664891242980957,-0.06879875063896179,0.12983836233615875,0.689180314540863,1.0507076808607962e-07,0.20030522346496582,0.6156222224235535,0.008791867643594742,0.28846725821495056,0.5828084349632263,-0.009230468422174454,0.3494565486907959,0.6092010140419006,-0.032625358551740646,0.3809622526168823,0.6479094624519348,-0.056154314428567886,0.3080088198184967,0.5128472447395325,-0.04478490352630615,0.3922915458679199,0.49016809463500977,-0.07710791379213333,0.4439467489719391,0.4848947823047638,-0.09556056559085846,0.4821392595767975,0.4869415760040283,-0.1072559580206871,0.2881094515323639,0.5589188933372498,-0.07055754214525223,0.3841346502304077,0.6751896142959595,-0.105524942278862,0.34726348519325256,0.6842343807220459,-0.1047765240073204,0.31374913454055786,0.6537543535232544,-0.10142161697149277,0.26350727677345276,0.6238080859184265,-0.09412321448326111,0.34910404682159424,0.7344316840171814,-0.12042956799268723,0.3095596432685852,0.7258961796760559,-0.10310463607311249,0.2826811969280243,0.6913678646087646,-0.08924868702888489,0.238083153963089,0.692610502243042,-0.117254838347435,0.31539759039878845,0.7711846828460693,-0.12310320883989334,0.2868289351463318,0.7612606287002563,-0.10074695944786072,0.25687724351882935,0.7301121950149536,-0.08436060696840286,Q
0.784435510635376,0.5965361595153809,3.506906409711519e-07,0.7336921691894531,0.4930446743965149,-0.02942884899675846,0.6285941004753113,0.4447508454322815,-0.05282506346702576,0.5421909093856812,0.45839565992355347,-0.06515393406152725,0.48503682017326355,0.48345261812210083,-0.07778976112604141,0.6570698618888855,0.49009472131729126,-0.10980354249477386,0.541201651096344,0.5175541043281555,-0.1398695856332779,0.4842458665370941,0.5182696580886841,-0.14678683876991272,0.44895729422569275,0.5234618186950684,-0.14835858345031738,0.6672848463058472,0.5914895534515381,-0.10648386925458908,0.5210171937942505,0.5914503335952759,-0.13726340234279633,0.5415199398994446,0.5518054366111755,-0.1306823492050171,0.5904605388641357,0.5374357104301453,-0.12226185947656631,0.6754713654518127,0.6703782081604004,-0.09871871024370193,0.5473872423171997,0.6513301134109497,-0.11840254068374634,0.5725969672203064,0.6146048307418823,-0.09400195628404617,0.6132340431213379,0.6058049201965332,-0.07599429786205292,0.6799567937850952,0.7320913672447205,-0.09211774170398712,0.5770812034606934,0.6995898485183716,-0.10350886732339859,0.6001662611961365,0.6668369174003601,-0.08551037311553955,0.6335586309432983,0.6628443598747253,-0.07257631421089172,0.12879915535449982,0.6896875500679016,1.3951795097000286e-07,0.1981942057609558,0.616753101348877,0.007736384868621826,0.2867690622806549,0.5835227966308594,-0.010963844135403633,0.3494894504547119,0.6083717346191406,-0.0346204936504364,0.381926953792572,0.6454678177833557,-0.058281559497117996,0.30761241912841797,0.5134608745574951,-0.04761066660284996,0.39356815814971924,0.48709744215011597,-0.0823659673333168,0.44845157861709595,0.48479610681533813,-0.1016760766506195,0.4887099266052246,0.49161532521247864,-0.11309874057769775,0.2887653708457947,0.5581690073013306,-0.07263283431529999,0.385501503944397,0.6760181188583374,-0.10833548754453659,0.34817954897880554,0.6870781183242798,-0.10669192671775818,0.31554681062698364,0.6564733982086182,-0.1023402065038681,0.2645036578178406,0.6222376823425293,-0.09566386044025421,0.34980297088623047,0.7357259392738342,-0.12284572422504425,0.3096294403076172,0.7283492088317871,-0.1049826443195343,0.2834988832473755,0.6928484439849854,-0.09044764190912247,0.2389819324016571,0.6911264657974243,-0.11825485527515411,0.3153405487537384,0.7718884944915771,-0.12404024600982666,0.286704421043396,0.763573944568634,-0.1009710505604744,0.25755399465560913,0.7314341068267822,-0.08393966406583786,Q
0.7826665639877319,0.595890462398529,3.6208012943461654e-07,0.7301695346832275,0.4917590022087097,-0.02975594811141491,0.6227901577949524,0.4464268684387207,-0.05275055393576622,0.5362778902053833,0.4622841775417328,-0.06483299285173416,0.4782549738883972,0.4874391555786133,-0.07706981897354126,0.6553482413291931,0.49492108821868896,-0.10806047171354294,0.5387674570083618,0.521491289138794,-0.13794735074043274,0.48263561725616455,0.5203145742416382,-0.14434462785720825,0.4483335018157959,0.5242186784744263,-0.145334854722023,0.6663240194320679,0.5964775085449219,-0.10436476767063141,0.5207066535949707,0.5936614274978638,-0.1357448250055313,0.5424046516418457,0.5521722435951233,-0.12926141917705536,0.5916111469268799,0.5374906659126282,-0.1204279214143753,0.6748793721199036,0.6743286848068237,-0.0963832214474678,0.5473983287811279,0.6518040299415588,-0.116886205971241,0.5735841393470764,0.6138100028038025,-0.09268030524253845,0.6142158508300781,0.6055712699890137,-0.07424469292163849,0.6789323091506958,0.7346813678741455,-0.08955147862434387,0.5756891369819641,0.6999854445457458,-0.10120324790477753,0.5993737578392029,0.6665531396865845,-0.0832943245768547,0.6331594586372375,0.6631741523742676,-0.07022888213396072,0.12793320417404175,0.6905187368392944,1.2548920835797617e-07,0.1990049183368683,0.6165800094604492,0.009213121607899666,0.28820404410362244,0.585881769657135,-0.009785287082195282,0.3513292968273163,0.6131312251091003,-0.03409896790981293,0.38394683599472046,0.6513096690177917,-0.05854322388768196,0.30720776319503784,0.513087272644043,-0.04758365824818611,0.3934832513332367,0.48849064111709595,-0.0819082260131836,0.4479447901248932,0.48569735884666443,-0.10130201280117035,0.48849064111709595,0.4908715486526489,-0.11322378367185593,0.28789132833480835,0.5592396259307861,-0.07397659868001938,0.38436242938041687,0.6759483218193054,-0.10948594659566879,0.34735730290412903,0.6865612864494324,-0.10777996480464935,0.3144441246986389,0.6565940976142883,-0.10385780036449432,0.26334431767463684,0.6246665120124817,-0.09815691411495209,0.3492106795310974,0.73702073097229,-0.12462425976991653,0.3093581199645996,0.7290499210357666,-0.10583527386188507,0.2824259400367737,0.6943415999412537,-0.09117241203784943,0.23794341087341309,0.694311261177063,-0.12192349880933762,0.31483301520347595,0.7737173438072205,-0.1271456629037857,0.28597742319107056,0.7645165324211121,-0.1035635843873024,0.25604966282844543,0.7329636216163635,-0.08651037514209747,Q
0.78139328956604,0.596605658531189,4.188993898424087e-07,0.7310301661491394,0.4925496578216553,-0.03388994187116623,0.6229925155639648,0.44647374749183655,-0.0582079254090786,0.5356476902961731,0.4642854928970337,-0.07016018778085709,0.475552499294281,0.4821506440639496,-0.08168000727891922,0.6535053849220276,0.4958459138870239,-0.11630336940288544,0.529213011264801,0.5227547883987427,-0.14624617993831635,0.47070252895355225,0.5124002695083618,-0.15062090754508972,0.4345511198043823,0.504039466381073,-0.15004053711891174,0.664638340473175,0.5977858304977417,-0.10980769246816635,0.5169713497161865,0.594804048538208,-0.1412622630596161,0.5391547679901123,0.5530518293380737,-0.13189885020256042,0.5890867710113525,0.5363197326660156,-0.12092559039592743,0.6731177568435669,0.6747978925704956,-0.09925039112567902,0.5455096960067749,0.6500647664070129,-0.11912629008293152,0.5724830627441406,0.6114823818206787,-0.09354345500469208,0.6126944422721863,0.6023849844932556,-0.07450701296329498,0.6770553588867188,0.7346481084823608,-0.09026164561510086,0.5754924416542053,0.6964726448059082,-0.10229162871837616,0.5993887186050415,0.6631513237953186,-0.08546222001314163,0.6316515207290649,0.6598750352859497,-0.07321349531412125,0.12725207209587097,0.6911974549293518,1.269642666557047e-07,0.19859468936920166,0.6172954440116882,0.009459268301725388,0.2877427041530609,0.5861074328422546,-0.009573159739375114,0.3506946563720703,0.6131525635719299,-0.033987727016210556,0.38355380296707153,0.6518824100494385,-0.0585797056555748,0.3066422939300537,0.5130772590637207,-0.046884216368198395,0.3932671844959259,0.48914942145347595,-0.08073548972606659,0.447836697101593,0.4845520257949829,-0.09991532564163208,0.4890412390232086,0.48800310492515564,-0.1119145005941391,0.2874436378479004,0.558875560760498,-0.07344214618206024,0.38470858335494995,0.6759745478630066,-0.10894792526960373,0.34734758734703064,0.6868038773536682,-0.10730186849832535,0.3142012357711792,0.6571170687675476,-0.10340926796197891,0.26292598247528076,0.6243079304695129,-0.09771749377250671,0.3494132161140442,0.7366815805435181,-0.12410855293273926,0.3092147409915924,0.7290174961090088,-0.10510609298944473,0.2820441722869873,0.6943433284759521,-0.09035234153270721,0.23743367195129395,0.6941314935684204,-0.12156450748443604,0.31458163261413574,0.7732442021369934,-0.12687523663043976,0.28525787591934204,0.7643497586250305,-0.10324878990650177,0.25522875785827637,0.7328072786331177,-0.08622217923402786,Q
0.7817645072937012,0.598158597946167,3.946865376747155e-07,0.7316186428070068,0.49389103055000305,-0.0321873277425766,0.6248552203178406,0.44729799032211304,-0.056135330349206924,0.5385836958885193,0.46301698684692383,-0.06832031905651093,0.4798988997936249,0.48208266496658325,-0.08005888015031815,0.6532801389694214,0.4919477701187134,-0.11416853219270706,0.5271283984184265,0.5223006010055542,-0.1447959691286087,0.4704129695892334,0.5129479169845581,-0.1497558355331421,0.43834131956100464,0.505043089389801,-0.14890500903129578,0.6642454862594604,0.59300696849823,-0.10837472975254059,0.5173484086990356,0.5935447216033936,-0.13938313722610474,0.539838969707489,0.553115963935852,-0.12983661890029907,0.5904884338378906,0.5359253287315369,-0.11874689906835556,0.672413170337677,0.6715731620788574,-0.09866201132535934,0.5462840795516968,0.6495245099067688,-0.11763466894626617,0.5735712051391602,0.6136108040809631,-0.09182870388031006,0.6140876412391663,0.6047834157943726,-0.07280111312866211,0.6760317087173462,0.7340319752693176,-0.09045804291963577,0.5757532119750977,0.6971191167831421,-0.1011488139629364,0.6000869274139404,0.6655218601226807,-0.08357477933168411,0.632722020149231,0.6625787615776062,-0.07088888436555862,0.12746959924697876,0.6912972331047058,1.2313464026192378e-07,0.1992931365966797,0.6166820526123047,0.009564787149429321,0.2887265682220459,0.584026575088501,-0.00887515302747488,0.35037678480148315,0.610621988773346,-0.032746609300374985,0.38168826699256897,0.6510550379753113,-0.05683179572224617,0.30675509572029114,0.5120221972465515,-0.04556503891944885,0.3924192786216736,0.4898010492324829,-0.07821489125490189,0.4459134340286255,0.48595836758613586,-0.09667619317770004,0.48636308312416077,0.48970741033554077,-0.10850157588720322,0.2875261902809143,0.5581585764884949,-0.07209958881139755,0.38439252972602844,0.6762920618057251,-0.10696448385715485,0.3470613360404968,0.6869127154350281,-0.10554587841033936,0.3138715922832489,0.6566417813301086,-0.10192368179559708,0.2629960775375366,0.6239570379257202,-0.09631600975990295,0.3493596613407135,0.7365808486938477,-0.12208550423383713,0.30928540229797363,0.7293129563331604,-0.10348927974700928,0.28219830989837646,0.6944695711135864,-0.08910714834928513,0.23720121383666992,0.6940894722938538,-0.12013929337263107,0.31476473808288574,0.7734703421592712,-0.12526927888393402,0.28575626015663147,0.7647193670272827,-0.10207869112491608,0.25576668977737427,0.7333298921585083,-0.08538082242012024,Q
0.7868547439575195,0.6011430025100708,3.4380150282231625e-07,0.7369531393051147,0.4953208863735199,-0.029914772137999535,0.6322175860404968,0.4457566738128662,-0.052567772567272186,0.5471738576889038,0.4589872360229492,-0.06458217650651932,0.48836779594421387,0.48064303398132324,-0.07642775774002075,0.6566969156265259,0.4925720989704132,-0.10517910867929459,0.5374475121498108,0.5216370224952698,-0.13578377664089203,0.4808233976364136,0.5203923583030701,-0.14337576925754547,0.4494086503982544,0.5227792263031006,-0.14465804398059845,0.6658921241760254,0.5939708948135376,-0.10136472433805466,0.5210517644882202,0.5938544273376465,-0.13252057135105133,0.5422898530960083,0.5545989274978638,-0.12677831947803497,0.5931771993637085,0.5405322313308716,-0.11829840391874313,0.6736698746681213,0.6725703477859497,-0.09376394003629684,0.5473987460136414,0.6522217392921448,-0.11385226249694824,0.5734248161315918,0.6159442663192749,-0.09050438553094864,0.6145102381706238,0.6078998446464539,-0.07273116707801819,0.6771601438522339,0.7344262599945068,-0.08747986704111099,0.5755286812782288,0.6993486285209656,-0.09948556870222092,0.5996766090393066,0.6672840714454651,-0.08235914260149002,0.6334223747253418,0.6640800833702087,-0.06957121193408966,0.12786217033863068,0.6912165284156799,1.2745974231620494e-07,0.1998502016067505,0.6175667643547058,0.009298260323703289,0.2894856631755829,0.5850790143013,-0.00917101837694645,0.3513266444206238,0.6112892031669617,-0.03308140113949776,0.3819682002067566,0.651059091091156,-0.05717417225241661,0.3070894181728363,0.5121722221374512,-0.04486585035920143,0.39251506328582764,0.4901772141456604,-0.07760676741600037,0.4459210932254791,0.4862213730812073,-0.09624559432268143,0.48623013496398926,0.48990094661712646,-0.10817320644855499,0.28788459300994873,0.5579317212104797,-0.07127770781517029,0.38459512591362,0.6761826276779175,-0.10619489848613739,0.3472674787044525,0.6870930194854736,-0.10493262112140656,0.3142322599887848,0.6571329236030579,-0.10135442763566971,0.2632192373275757,0.6235043406486511,-0.0954616516828537,0.3494003713130951,0.7365624904632568,-0.12147054076194763,0.3092850148677826,0.7292860150337219,-0.10314513742923737,0.2824845612049103,0.6945651173591614,-0.08886077255010605,0.23729479312896729,0.6936233639717102,-0.11927152425050735,0.314710408449173,0.7733321189880371,-0.1246657446026802,0.28559398651123047,0.7643937468528748,-0.10165954381227493,0.25560900568962097,0.7329426407814026,-0.08505487442016602,Q
0.7841901183128357,0.5987899303436279,3.577514178232377e-07,0.7321628928184509,0.49618300795555115,-0.02681654877960682,0.6291638612747192,0.44712769985198975,-0.048944007605314255,0.5455070734024048,0.45862358808517456,-0.061437491327524185,0.48704206943511963,0.48055556416511536,-0.07392316311597824,0.6539480090141296,0.4915487766265869,-0.1031946912407875,0.5290951728820801,0.5250145792961121,-0.13242213428020477,0.47521406412124634,0.52287757396698,-0.13824085891246796,0.4482395052909851,0.522424042224884,-0.13768763840198517,0.6649770736694336,0.5917307138442993,-0.10006886720657349,0.5203578472137451,0.5963343977928162,-0.12865930795669556,0.5385619401931763,0.5574113726615906,-0.12142295390367508,0.5871593952178955,0.5409090518951416,-0.11255010217428207,0.6735824346542358,0.670371413230896,-0.0929759293794632,0.5464669466018677,0.6519920825958252,-0.11086668074131012,0.5702356100082397,0.6171485781669617,-0.08740934729576111,0.6102107167243958,0.607977569103241,-0.07010619342327118,0.6772696375846863,0.7325721979141235,-0.08692429959774017,0.5758448243141174,0.6984421610832214,-0.09748688340187073,0.597633421421051,0.6671834588050842,-0.08041846752166748,0.6302187442779541,0.663148820400238,-0.0678592324256897,0.12764713168144226,0.6913262605667114,1.2719557673790405e-07,0.19916434586048126,0.6168050169944763,0.008827002719044685,0.2876817584037781,0.5839474201202393,-0.010241720825433731,0.3493197560310364,0.6105443239212036,-0.03459090366959572,0.3808285892009735,0.6502135396003723,-0.05912238359451294,0.3064969480037689,0.5123865604400635,-0.046723589301109314,0.39248135685920715,0.49037522077560425,-0.07979859411716461,0.4462301731109619,0.48587456345558167,-0.09874781966209412,0.48706066608428955,0.48828965425491333,-0.11093845963478088,0.287122517824173,0.5579139590263367,-0.07279597967863083,0.3832152783870697,0.6762009263038635,-0.10811609774827957,0.34593871235847473,0.6877918243408203,-0.10712365806102753,0.312907874584198,0.6580613255500793,-0.10380392521619797,0.26287028193473816,0.6234158873558044,-0.09654998779296875,0.3487381041049957,0.73679518699646,-0.12254861742258072,0.30882760882377625,0.7298317551612854,-0.1041777953505516,0.2819037437438965,0.6952240467071533,-0.08991584926843643,0.23770633339881897,0.6935649514198303,-0.11998073756694794,0.3153425455093384,0.7733663320541382,-0.1252971589565277,0.28663673996925354,0.7647970914840698,-0.10238531976938248,0.2570177912712097,0.7335984706878662,-0.08582901209592819,Q
0.7807073593139648,0.5975961089134216,3.5687358490577026e-07,0.7311848998069763,0.49563074111938477,-0.028576986864209175,0.6262702345848083,0.4488375186920166,-0.052747540175914764,0.5400018095970154,0.46054598689079285,-0.06631690263748169,0.4799969494342804,0.47989529371261597,-0.07983122020959854,0.6556570529937744,0.49272751808166504,-0.11168667674064636,0.5282353162765503,0.5245163440704346,-0.1432064175605774,0.47384098172187805,0.5212965607643127,-0.1492512822151184,0.44691893458366394,0.5211483240127563,-0.14871887862682343,0.6660653948783875,0.5933748483657837,-0.10819030553102493,0.5183287262916565,0.5944012999534607,-0.139364093542099,0.538994312286377,0.5550377368927002,-0.1310146003961563,0.5893484950065613,0.5403217077255249,-0.12109354138374329,0.673985481262207,0.6715883016586304,-0.10049323737621307,0.5464377999305725,0.6515559554100037,-0.1202913448214531,0.573061466217041,0.6157658696174622,-0.09503178298473358,0.6139208078384399,0.6074169874191284,-0.07633046060800552,0.6770439743995667,0.7333053350448608,-0.09381885081529617,0.5760182738304138,0.6982068419456482,-0.10542941838502884,0.5998015999794006,0.6665900945663452,-0.0875622108578682,0.6325106024742126,0.6633111834526062,-0.07449623942375183,0.12867137789726257,0.6904557943344116,1.3054453518179798e-07,0.20095029473304749,0.6164085865020752,0.009175431914627552,0.28955164551734924,0.5845726132392883,-0.010335063561797142,0.3504045307636261,0.6118170022964478,-0.03548784926533699,0.38090768456459045,0.6525866985321045,-0.06102699041366577,0.3066536784172058,0.5130231976509094,-0.045399319380521774,0.3918077051639557,0.49102282524108887,-0.07753726840019226,0.44474083185195923,0.4864593744277954,-0.09605760127305984,0.48481178283691406,0.4886585772037506,-0.10823241621255875,0.2869965136051178,0.5593445897102356,-0.07178248465061188,0.38235437870025635,0.674913227558136,-0.10710357874631882,0.3451135456562042,0.6857751607894897,-0.10641302168369293,0.3116229474544525,0.6566810607910156,-0.10329768061637878,0.26260730624198914,0.6253969669342041,-0.09571925550699234,0.34793686866760254,0.7362748384475708,-0.12123121321201324,0.3080122172832489,0.7285939455032349,-0.10236471891403198,0.28039950132369995,0.6949757933616638,-0.08793024718761444,0.23743313550949097,0.6949288249015808,-0.11937770992517471,0.3143770694732666,0.7725334167480469,-0.1245652511715889,0.28476423025131226,0.7629343271255493,-0.10140670090913773,0.25451070070266724,0.7323590517044067,-0.0847458615899086,Q
0.7844191789627075,0.6014968752861023,3.536236761192413e-07,0.7354773879051208,0.49822112917900085,-0.030091101303696632,0.6298811435699463,0.44967466592788696,-0.05360589548945427,0.5423024296760559,0.46113258600234985,-0.0663352683186531,0.4831719696521759,0.48379799723625183,-0.07928232848644257,0.6553288698196411,0.4918076992034912,-0.10722161829471588,0.5362322330474854,0.5222175121307373,-0.13795125484466553,0.4791422188282013,0.5201354026794434,-0.14532382786273956,0.4462715983390808,0.5218340754508972,-0.14671500027179718,0.6643942594528198,0.5927771329879761,-0.10345888137817383,0.5195373296737671,0.5944454073905945,-0.13532090187072754,0.5418255925178528,0.5548484325408936,-0.1289757937192917,0.5930009484291077,0.5402611494064331,-0.12004952132701874,0.6724044680595398,0.6717028617858887,-0.09574928879737854,0.5471917986869812,0.6530338525772095,-0.1166490763425827,0.5745803117752075,0.6177225112915039,-0.09234828501939774,0.6162217259407043,0.609675407409668,-0.07385234534740448,0.6765269637107849,0.7342591285705566,-0.0893096923828125,0.5771691799163818,0.7000164985656738,-0.10211844742298126,0.6021389365196228,0.6693079471588135,-0.08478706330060959,0.6356287002563477,0.6665392518043518,-0.07179804146289825,0.12798091769218445,0.694096565246582,1.1633030538860112e-07,0.19849856197834015,0.6185652017593384,0.009490400552749634,0.2866612672805786,0.5852187871932983,-0.009348171763122082,0.34876978397369385,0.6117179989814758,-0.03366683050990105,0.38120609521865845,0.6512748003005981,-0.058263588696718216,0.3060438334941864,0.5144121646881104,-0.04617997258901596,0.3914954662322998,0.49286019802093506,-0.07889879494905472,0.444074809551239,0.4871169328689575,-0.09740517288446426,0.4842205345630646,0.4883854389190674,-0.10930731892585754,0.2862979471683502,0.5602670311927795,-0.07236148416996002,0.3837203085422516,0.6776849031448364,-0.10753125697374344,0.3458031117916107,0.6880494952201843,-0.1059436947107315,0.3125649392604828,0.6577178835868835,-0.10209807753562927,0.2622821033000946,0.6256006360054016,-0.09615593403577805,0.34955525398254395,0.737665057182312,-0.12209628522396088,0.309027761220932,0.7296392321586609,-0.10324976593255997,0.28150418400764465,0.6947495341300964,-0.08857748657464981,0.23746418952941895,0.695234477519989,-0.11953965574502945,0.3158172070980072,0.7743269801139832,-0.1248856782913208,0.28647151589393616,0.7648988366127014,-0.10185781866312027,0.25644174218177795,0.7335229516029358,-0.08520134538412094,Q
0.7817427515983582,0.5944637060165405,3.350065469476249e-07,0.730566680431366,0.49439650774002075,-0.027964908629655838,0.62608802318573,0.4489120543003082,-0.050925347954034805,0.5417394638061523,0.4610767364501953,-0.06396331638097763,0.4831305742263794,0.4832165837287903,-0.07714537531137466,0.6522424221038818,0.49014291167259216,-0.10514247417449951,0.5276574492454529,0.5259280204772949,-0.13500668108463287,0.47433823347091675,0.5248567461967468,-0.14134429395198822,0.44769325852394104,0.5255440473556519,-0.1413183957338333,0.6641553044319153,0.5898127555847168,-0.10194489359855652,0.5201249718666077,0.5963860750198364,-0.1320115029811859,0.5403422713279724,0.5583887100219727,-0.1251104772090912,0.590737521648407,0.542767345905304,-0.11634531617164612,0.6733328104019165,0.6686162352561951,-0.09490828216075897,0.5468338131904602,0.6538758873939514,-0.11423789709806442,0.5725405812263489,0.6194519400596619,-0.09091876447200775,0.6134704947471619,0.6099516749382019,-0.07352565973997116,0.676945686340332,0.7318293452262878,-0.08897169679403305,0.5764273405075073,0.700621485710144,-0.10100800544023514,0.5998069047927856,0.6699034571647644,-0.08455897867679596,0.6329329013824463,0.6651623845100403,-0.072384774684906,0.12721170485019684,0.6911579370498657,1.208484263770515e-07,0.19903093576431274,0.6188210844993591,0.008329633623361588,0.28725388646125793,0.5855430960655212,-0.010446349158883095,0.34913113713264465,0.6124054193496704,-0.034818366169929504,0.38109344244003296,0.652584969997406,-0.05932820215821266,0.30637404322624207,0.5135627388954163,-0.04291960224509239,0.3904498815536499,0.4923610985279083,-0.0748901516199112,0.4425038993358612,0.4871826171875,-0.09333612769842148,0.4818241596221924,0.4890216886997223,-0.10535130649805069,0.28684714436531067,0.5585405826568604,-0.06850472837686539,0.38282302021980286,0.6769647002220154,-0.10379935801029205,0.345053106546402,0.6879201531410217,-0.1033882349729538,0.31189388036727905,0.6576031446456909,-0.1001899242401123,0.2626045346260071,0.6233229637145996,-0.09197892248630524,0.34876319766044617,0.7365327477455139,-0.11842207610607147,0.30815771222114563,0.7289689779281616,-0.10077131539583206,0.2807837128639221,0.6938908100128174,-0.08670569956302643,0.23748674988746643,0.6926251649856567,-0.11516424268484116,0.31468480825424194,0.7729732990264893,-0.12138423323631287,0.28528785705566406,0.764028012752533,-0.09935140609741211,0.25567394495010376,0.7325961589813232,-0.08319219201803207,Q
0.7833351492881775,0.602490246295929,3.684452281049744e-07,0.7342621684074402,0.49804577231407166,-0.030849549919366837,0.6279846429824829,0.4502490162849426,-0.054773930460214615,0.5398979187011719,0.46212178468704224,-0.06753496080636978,0.47974544763565063,0.4825519025325775,-0.08021976798772812,0.6545512676239014,0.49218979477882385,-0.11002378165721893,0.531091034412384,0.5213034152984619,-0.14056096971035004,0.4751001000404358,0.5202944278717041,-0.14671941101551056,0.4454374313354492,0.523540735244751,-0.1468597799539566,0.6634555459022522,0.5938668251037598,-0.10501153022050858,0.5186300277709961,0.5937588810920715,-0.13564883172512054,0.5398558974266052,0.5543650388717651,-0.12769940495491028,0.5907390713691711,0.5404260158538818,-0.11797419935464859,0.6710901856422424,0.6728024482727051,-0.09610088169574738,0.5458719730377197,0.651687502861023,-0.11543915420770645,0.5727193355560303,0.6162108182907104,-0.09065204858779907,0.6135638952255249,0.6087323427200317,-0.0723293125629425,0.6744030117988586,0.7346705794334412,-0.08850148320198059,0.5760805010795593,0.697409451007843,-0.10011497884988785,0.6002305746078491,0.6668909788131714,-0.08307891339063644,0.6322498917579651,0.6650998592376709,-0.07060735672712326,0.12874633073806763,0.6909640431404114,1.2949389827099367e-07,0.1990469992160797,0.616917610168457,0.00849737599492073,0.28617656230926514,0.5817059278488159,-0.01022562850266695,0.347543329000473,0.6054576635360718,-0.03417925909161568,0.3808150589466095,0.6435147523880005,-0.0583011768758297,0.30522942543029785,0.5124495625495911,-0.04692479223012924,0.3907783627510071,0.49160128831863403,-0.08096502721309662,0.44360917806625366,0.48737576603889465,-0.1000383198261261,0.4841969609260559,0.4905988574028015,-0.1119827851653099,0.2853882610797882,0.5578408241271973,-0.07270962744951248,0.3847878873348236,0.6772899031639099,-0.10907647758722305,0.3464049696922302,0.687431275844574,-0.10747328400611877,0.31259453296661377,0.6558794379234314,-0.10320474952459335,0.26088279485702515,0.6229277849197388,-0.09636380523443222,0.3503248989582062,0.7363675832748413,-0.1239163801074028,0.3091966509819031,0.7287765741348267,-0.10537447035312653,0.2811187505722046,0.6928994655609131,-0.09038671106100082,0.23552432656288147,0.693115234375,-0.11959123611450195,0.31477904319763184,0.7733765840530396,-0.12635135650634766,0.28558334708213806,0.7647956609725952,-0.10379570722579956,0.25563082098960876,0.7330393195152283,-0.0871305763721466,Q
0.7839432954788208,0.5969714522361755,3.497361262816412e-07,0.7332631945610046,0.494134783744812,-0.028582414612174034,0.6281459927558899,0.4478316903114319,-0.05102386325597763,0.5430932641029358,0.45850399136543274,-0.06307098269462585,0.48419350385665894,0.4772689938545227,-0.07506159693002701,0.6555811762809753,0.4925321936607361,-0.1045081838965416,0.5351636409759521,0.5219026803970337,-0.13422484695911407,0.47692227363586426,0.5223643779754639,-0.14057514071464539,0.44497790932655334,0.5257588624954224,-0.14102068543434143,0.6657466292381287,0.5942913293838501,-0.10119541734457016,0.5188102722167969,0.5949007868766785,-0.1327568143606186,0.5404147505760193,0.5571177005767822,-0.12658187747001648,0.5934015512466431,0.5437173843383789,-0.1173403188586235,0.67344731092453,0.6736685037612915,-0.09385684132575989,0.5464564561843872,0.6534374952316284,-0.1150084137916565,0.5732664465904236,0.6185027956962585,-0.0920533686876297,0.6153343319892883,0.610809862613678,-0.07396551221609116,0.6762818098068237,0.7364603281021118,-0.08746672421693802,0.5750072002410889,0.701613187789917,-0.10010039806365967,0.5999240279197693,0.6703486442565918,-0.08323262631893158,0.6342045664787292,0.6665188670158386,-0.07040341198444366,0.12733566761016846,0.6878275275230408,1.1861003912372325e-07,0.19880947470664978,0.6148937940597534,0.009148898534476757,0.28791913390159607,0.5838578939437866,-0.009193037636578083,0.3505547344684601,0.6122465133666992,-0.03283901512622833,0.38291582465171814,0.653892457485199,-0.05661628395318985,0.30607330799102783,0.5135051608085632,-0.045591089874506,0.3910868167877197,0.49160081148147583,-0.07833606004714966,0.4436801075935364,0.4877128005027771,-0.0968087762594223,0.4837319850921631,0.49199193716049194,-0.10845979303121567,0.28646400570869446,0.5598317980766296,-0.07177481055259705,0.38393914699554443,0.677414059638977,-0.10642590373754501,0.3462987542152405,0.6864947080612183,-0.10489699989557266,0.31315550208091736,0.6562966108322144,-0.10106468945741653,0.26159927248954773,0.6252278685569763,-0.09571307897567749,0.3492826521396637,0.7387630939483643,-0.121756911277771,0.3089185059070587,0.7290897369384766,-0.10389147698879242,0.28191256523132324,0.6938145160675049,-0.08976225554943085,0.23597931861877441,0.6947774291038513,-0.11919574439525604,0.31436148285865784,0.7747554779052734,-0.12481161952018738,0.2854582965373993,0.7642536759376526,-0.10218826681375504,0.2553865313529968,0.7323722839355469,-0.08569946140050888,Q
0.7838360071182251,0.6013040542602539,3.951360554310668e-07,0.7344596982002258,0.4971422553062439,-0.03232019767165184,0.6279396414756775,0.44847872853279114,-0.05692318081855774,0.539906919002533,0.46136409044265747,-0.06957347691059113,0.4787929058074951,0.4784400165081024,-0.08203621953725815,0.6569902300834656,0.49208420515060425,-0.11390034109354019,0.5369729399681091,0.5179042220115662,-0.1443883627653122,0.4749016761779785,0.5153281092643738,-0.15003827214241028,0.4361219108104706,0.5156397223472595,-0.15026985108852386,0.6666390895843506,0.5936209559440613,-0.10848374664783478,0.5158513784408569,0.5931716561317444,-0.14067970216274261,0.5361878275871277,0.5554101467132568,-0.13235609233379364,0.5868509411811829,0.5406251549720764,-0.12162921577692032,0.6730213761329651,0.6722041964530945,-0.09882593154907227,0.5434161424636841,0.6495050191879272,-0.11972539871931076,0.5694209337234497,0.6145369410514832,-0.0945395827293396,0.6101946234703064,0.6062453389167786,-0.07512674480676651,0.6751717329025269,0.7345380187034607,-0.09044025838375092,0.5726681351661682,0.6974744200706482,-0.10252541303634644,0.5969302654266357,0.6664029359817505,-0.08490096032619476,0.6302047967910767,0.6631359457969666,-0.07174449414014816,0.12781481444835663,0.6906488537788391,1.0662565586017081e-07,0.19913050532341003,0.6158162355422974,0.009942790493369102,0.2876783013343811,0.5823119878768921,-0.008358585648238659,0.34854888916015625,0.6091863512992859,-0.0320499949157238,0.3791959881782532,0.6495615839958191,-0.05606134980916977,0.30605918169021606,0.5150866508483887,-0.04662615805864334,0.38971638679504395,0.49288952350616455,-0.07971063256263733,0.4413371682167053,0.48847752809524536,-0.09821224957704544,0.47996461391448975,0.491938978433609,-0.10967515408992767,0.2854938805103302,0.5606701374053955,-0.07291590422391891,0.38311341404914856,0.6788116693496704,-0.10790621489286423,0.3450798988342285,0.687685489654541,-0.10582312196493149,0.3111199736595154,0.6563264727592468,-0.10134099423885345,0.26038044691085815,0.6252094507217407,-0.09680311381816864,0.34822872281074524,0.7385002374649048,-0.1228247582912445,0.3073039948940277,0.7296492457389832,-0.10409665107727051,0.279507577419281,0.6942149996757507,-0.08918290585279465,0.23460672795772552,0.6944094896316528,-0.12011238932609558,0.3139295279979706,0.7745238542556763,-0.12515799701213837,0.2848414480686188,0.7647110223770142,-0.10167615115642548,0.25487810373306274,0.7329460382461548,-0.08453212678432465,Q
0.782826840877533,0.6001632809638977,3.196502120772493e-07,0.7336926460266113,0.4976580739021301,-0.028022700920701027,0.6277489066123962,0.4502190351486206,-0.05102432146668434,0.5401159524917603,0.46141213178634644,-0.06377867609262466,0.4785914123058319,0.48196083307266235,-0.07660195231437683,0.6542297601699829,0.48942840099334717,-0.10828728973865509,0.5243670344352722,0.5247498750686646,-0.13894279301166534,0.4708259403705597,0.5204052925109863,-0.14453108608722687,0.4456605911254883,0.517348051071167,-0.1437072902917862,0.6644186973571777,0.5902236700057983,-0.1048838347196579,0.5172039270401001,0.5947802662849426,-0.13542424142360687,0.5392637252807617,0.5593689680099487,-0.12701845169067383,0.5913112163543701,0.5458416938781738,-0.11711384356021881,0.6724509000778198,0.6702671647071838,-0.09757174551486969,0.5458411574363708,0.6537252068519592,-0.1167498454451561,0.5735461115837097,0.6218686103820801,-0.09195515513420105,0.6152672171592712,0.6143177151679993,-0.0737728476524353,0.675550103187561,0.7349541783332825,-0.09133099019527435,0.5755805969238281,0.7017680406570435,-0.10296564549207687,0.6004542112350464,0.6733958125114441,-0.08579432219266891,0.6335175037384033,0.6708073616027832,-0.07325582951307297,0.12830229103565216,0.6880826950073242,1.3232275364316592e-07,0.1993129849433899,0.6160661578178406,0.008201357908546925,0.28746500611305237,0.5833396315574646,-0.010960978455841541,0.3489410877227783,0.6103008985519409,-0.03539611026644707,0.3801921010017395,0.6499142646789551,-0.06009848415851593,0.30627337098121643,0.5137224793434143,-0.04686297848820686,0.3921052813529968,0.49202293157577515,-0.08055093139410019,0.4454576075077057,0.4874086081981659,-0.09950718283653259,0.48568588495254517,0.49004364013671875,-0.1113579198718071,0.2860548496246338,0.558860719203949,-0.07244005799293518,0.3831081986427307,0.6775856614112854,-0.10839827358722687,0.3447328507900238,0.6873803734779358,-0.10706508904695511,0.31128808856010437,0.6555547118186951,-0.10302270948886871,0.26095497608184814,0.6236501336097717,-0.09580586850643158,0.34860408306121826,0.7376812696456909,-0.12329252809286118,0.3075656294822693,0.7294736504554749,-0.10512004792690277,0.28006216883659363,0.6933574080467224,-0.09035016596317291,0.2351658046245575,0.6931378841400146,-0.11867935955524445,0.31389206647872925,0.7736741304397583,-0.1255495399236679,0.28455448150634766,0.7647154927253723,-0.10281483083963394,0.2549196779727936,0.7325934171676636,-0.0858985185623169,Q
0.7812321186065674,0.6000749468803406,3.4643858271010686e-07,0.7314504384994507,0.4966488480567932,-0.028010619804263115,0.6275383234024048,0.44858670234680176,-0.050723809748888016,0.5422705411911011,0.4590127170085907,-0.0634155422449112,0.48329681158065796,0.48520708084106445,-0.07621375471353531,0.6521726250648499,0.4930669069290161,-0.10515890270471573,0.5278797745704651,0.5256518721580505,-0.13581816852092743,0.4719729423522949,0.5229812264442444,-0.14280837774276733,0.44214993715286255,0.5230439901351929,-0.1433703899383545,0.6622700095176697,0.5941579341888428,-0.10201495885848999,0.5180619955062866,0.5954163074493408,-0.1334473341703415,0.5407431125640869,0.5586557984352112,-0.1270647495985031,0.5926855802536011,0.5452224016189575,-0.11813990771770477,0.6706893444061279,0.6732596755027771,-0.0948801189661026,0.5464614033699036,0.6546688675880432,-0.11478398740291595,0.5737206339836121,0.6224269866943359,-0.09081432223320007,0.6154003143310547,0.6155992150306702,-0.07276573777198792,0.6744260787963867,0.7362723350524902,-0.08890822529792786,0.5748806595802307,0.7023181319236755,-0.10058848559856415,0.6000848412513733,0.6739805936813354,-0.08305723965167999,0.6338803172111511,0.6719240546226501,-0.07005428522825241,0.12688101828098297,0.6940993666648865,1.2182336206478794e-07,0.19755512475967407,0.6176635026931763,0.00901877786964178,0.2867288291454315,0.5836978554725647,-0.009601755067706108,0.34860366582870483,0.6112338304519653,-0.03327486664056778,0.37915027141571045,0.6531578898429871,-0.05726555734872818,0.30543574690818787,0.5153878927230835,-0.048217229545116425,0.39113569259643555,0.4947064518928528,-0.08133149892091751,0.44334447383880615,0.48966655135154724,-0.09977025538682938,0.4838693141937256,0.49217575788497925,-0.11141601949930191,0.28521740436553955,0.561610221862793,-0.0742800235748291,0.38379359245300293,0.6798555850982666,-0.1085812970995903,0.3453439176082611,0.6887639760971069,-0.10579840838909149,0.3117208182811737,0.6578099727630615,-0.10122045874595642,0.2603701949119568,0.6267296671867371,-0.09804484993219376,0.3486004173755646,0.7400673031806946,-0.12326840311288834,0.30808213353157043,0.731334388256073,-0.1041504368185997,0.28067219257354736,0.6963067650794983,-0.08942428976297379,0.23448842763900757,0.6964017748832703,-0.1214684545993805,0.313130259513855,0.7763382196426392,-0.12574253976345062,0.2841981053352356,0.7669550180435181,-0.10217325389385223,0.25390857458114624,0.7357829213142395,-0.08537542074918747,Q
0.7833331823348999,0.5972025990486145,3.1414256795869733e-07,0.7326176166534424,0.4962991178035736,-0.02866518124938011,0.625298023223877,0.45063158869743347,-0.05131448805332184,0.5375775694847107,0.46363013982772827,-0.0637103021144867,0.4802587032318115,0.48952609300613403,-0.07624249905347824,0.653681218624115,0.4914197325706482,-0.10448914766311646,0.5325035452842712,0.5241732597351074,-0.13460886478424072,0.47841933369636536,0.5255222320556641,-0.14115270972251892,0.4499281346797943,0.5285897254943848,-0.14157889783382416,0.664793848991394,0.5901864171028137,-0.10122114419937134,0.5187569856643677,0.5973556041717529,-0.1319672018289566,0.5400074124336243,0.5623892545700073,-0.12514111399650574,0.5909971594810486,0.5480520129203796,-0.11601545661687851,0.6733947992324829,0.6684473752975464,-0.09415728598833084,0.5471605658531189,0.653576135635376,-0.11462745815515518,0.573403537273407,0.6212643384933472,-0.09109305590391159,0.6144108772277832,0.6127405166625977,-0.07300878316164017,0.6768240332603455,0.7314381003379822,-0.08818000555038452,0.5754699110984802,0.7005090117454529,-0.10016918927431107,0.5998312830924988,0.6718258261680603,-0.08294900506734848,0.6336199045181274,0.668549656867981,-0.07018489390611649,0.1267358958721161,0.6922876834869385,1.288475175442727e-07,0.19843614101409912,0.6194661855697632,0.008877945132553577,0.2877162992954254,0.5865609645843506,-0.010094372555613518,0.34991851449012756,0.6135803461074829,-0.034693434834480286,0.38025766611099243,0.6541517972946167,-0.05969119444489479,0.3053440451622009,0.5155338644981384,-0.044259198009967804,0.39100757241249084,0.494071364402771,-0.07651332020759583,0.4437147378921509,0.48940491676330566,-0.09475995600223541,0.483558714389801,0.4918070435523987,-0.10654967278242111,0.28569918870925903,0.5611572265625,-0.07045933604240417,0.3827148377895355,0.6788022518157959,-0.1054474338889122,0.3449385166168213,0.6900196075439453,-0.10414041578769684,0.3116986155509949,0.6594997048377991,-0.10044802725315094,0.26086610555648804,0.626397430896759,-0.09446793794631958,0.34772682189941406,0.7390002012252808,-0.12072593718767166,0.30715763568878174,0.7313284277915955,-0.10257866233587265,0.27986687421798706,0.6959038376808167,-0.08836856484413147,0.23516082763671875,0.6958361864089966,-0.1180923655629158,0.3129062056541443,0.775209903717041,-0.12401360273361206,0.2832515835762024,0.7664525508880615,-0.1013917326927185,0.25307053327560425,0.7349281311035156,-0.0850362628698349,Q
0.7815779447555542,0.5965991616249084,3.2816498674037575e-07,0.72962886095047,0.49652644991874695,-0.027146225795149803,0.6237404942512512,0.44985663890838623,-0.049039628356695175,0.5377070307731628,0.4618651270866394,-0.06092549115419388,0.4809524416923523,0.4870201647281647,-0.0729203149676323,0.652213990688324,0.4922410249710083,-0.1032988578081131,0.5307455658912659,0.5255283117294312,-0.13267309963703156,0.47566330432891846,0.5251402854919434,-0.13869303464889526,0.446230947971344,0.5265117287635803,-0.13866351544857025,0.663641095161438,0.59099280834198,-0.10040528327226639,0.5180106163024902,0.5973709225654602,-0.1308535486459732,0.5389388799667358,0.5614393949508667,-0.12414107471704483,0.589463472366333,0.5467079877853394,-0.11492038518190384,0.6723586320877075,0.6685300469398499,-0.09343574196100235,0.5463881492614746,0.6530004739761353,-0.11332593113183975,0.5718510150909424,0.6199026703834534,-0.09000685065984726,0.6125595569610596,0.6111805438995361,-0.07201649993658066,0.6760890483856201,0.7308334708213806,-0.08741161972284317,0.5749080181121826,0.6998511552810669,-0.09888964891433716,0.5986725687980652,0.6704407334327698,-0.08163595199584961,0.632266104221344,0.6667624115943909,-0.06874231994152069,0.12753044068813324,0.6937161087989807,1.3405897902885044e-07,0.19835174083709717,0.620105504989624,0.0091215455904603,0.28693637251853943,0.5863388776779175,-0.010156983509659767,0.3492720425128937,0.6119658946990967,-0.03488779440522194,0.38012051582336426,0.6511031985282898,-0.06003531068563461,0.30498966574668884,0.5157485604286194,-0.046900149434804916,0.39224767684936523,0.4933207929134369,-0.08038072288036346,0.4459843039512634,0.4896388053894043,-0.09902071207761765,0.486606240272522,0.4934179186820984,-0.11071135103702545,0.28530648350715637,0.5613256096839905,-0.07316794991493225,0.3834393620491028,0.6789920926094055,-0.1083771362900734,0.3453403413295746,0.6906401515007019,-0.1062866672873497,0.31212669610977173,0.6601467728614807,-0.10203932970762253,0.2607051730155945,0.626616358757019,-0.09716463834047318,0.34816089272499084,0.7390730381011963,-0.12345492094755173,0.30715593695640564,0.7315595746040344,-0.1045263335108757,0.27978602051734924,0.6960128545761108,-0.08981428295373917,0.23531442880630493,0.6964064836502075,-0.12069131433963776,0.3132873475551605,0.7751497030258179,-0.126329243183136,0.28348496556282043,0.7668738961219788,-0.10297328978776932,0.2533368468284607,0.7353727221488953,-0.08609159290790558,Q
0.7829597592353821,0.6018884181976318,3.401159176519286e-07,0.7339844703674316,0.49922382831573486,-0.028079165145754814,0.629510223865509,0.4488063454627991,-0.05057269707322121,0.5426937937736511,0.46029454469680786,-0.06259866058826447,0.4854971766471863,0.4853340685367584,-0.07449565082788467,0.6543800830841064,0.4947069585323334,-0.10676716268062592,0.5285675525665283,0.524745523929596,-0.1370106339454651,0.4737899899482727,0.5224413275718689,-0.14307236671447754,0.44628483057022095,0.5233780741691589,-0.14279858767986298,0.6630362272262573,0.5952721834182739,-0.10274563729763031,0.5187564492225647,0.595474898815155,-0.13288554549217224,0.5402196049690247,0.5586892366409302,-0.12512068450450897,0.5908777117729187,0.5459757447242737,-0.11552552133798599,0.6701845526695251,0.6732913851737976,-0.09469480067491531,0.5459098219871521,0.6533969044685364,-0.11295534670352936,0.5722219944000244,0.6194746494293213,-0.08870917558670044,0.6132133603096008,0.6124914288520813,-0.07092685252428055,0.6733782887458801,0.7352739572525024,-0.08780677616596222,0.575316309928894,0.7004640698432922,-0.09829244017601013,0.5993525385856628,0.6708174347877502,-0.08127955347299576,0.6317890882492065,0.6686990261077881,-0.06889605522155762,0.12613144516944885,0.6927222013473511,1.2849969266426342e-07,0.1980798840522766,0.619196891784668,0.008826465345919132,0.2871505320072174,0.5863212943077087,-0.01045896578580141,0.34878039360046387,0.6122657060623169,-0.035369280725717545,0.3792935013771057,0.6510438323020935,-0.060577284544706345,0.30470824241638184,0.5150017738342285,-0.044492680579423904,0.3899202048778534,0.4926353394985199,-0.07710220664739609,0.4434814453125,0.48896437883377075,-0.09588149189949036,0.483805775642395,0.4922204911708832,-0.10803338140249252,0.28551244735717773,0.56146639585495,-0.07086099684238434,0.3815511465072632,0.6762939095497131,-0.10646555572748184,0.34436070919036865,0.6880764365196228,-0.10604109615087509,0.31102612614631653,0.6588948965072632,-0.10289055854082108,0.2612795829772949,0.6274775266647339,-0.09499302506446838,0.3475536108016968,0.7379966378211975,-0.12139084935188293,0.3075965940952301,0.7311391234397888,-0.10319618135690689,0.2802106738090515,0.6970741152763367,-0.0888766348361969,0.23613455891609192,0.6973018050193787,-0.1187925934791565,0.314225971698761,0.7750058770179749,-0.12467410415410995,0.2851990759372711,0.7667101621627808,-0.10188053548336029,0.25528252124786377,0.7363293766975403,-0.0852828100323677,Q
0.7783699631690979,0.5911045074462891,3.404460642286722e-07,0.7279126644134521,0.4891994297504425,-0.028807515278458595,0.6207259297370911,0.44697171449661255,-0.052143897861242294,0.5336447954177856,0.46144139766693115,-0.06526011228561401,0.47379302978515625,0.4851509928703308,-0.07799692451953888,0.6484732627868652,0.4868072271347046,-0.10789037495851517,0.5186676979064941,0.5227850675582886,-0.1392895132303238,0.46843183040618896,0.5184377431869507,-0.14596377313137054,0.4480482339859009,0.5155802965164185,-0.14537300169467926,0.6604394912719727,0.5883753299713135,-0.10349442064762115,0.5168482065200806,0.5926517844200134,-0.1338559240102768,0.5380563139915466,0.5548999905586243,-0.12611879408359528,0.5895439386367798,0.5397442579269409,-0.11679908633232117,0.6693152785301208,0.6676375865936279,-0.09534745663404465,0.5442199110984802,0.6478286385536194,-0.11343786120414734,0.5699689984321594,0.6147619485855103,-0.0894121527671814,0.6110411286354065,0.6066960096359253,-0.07198114693164825,0.6725788712501526,0.7304341793060303,-0.08843942731618881,0.5736623406410217,0.6944660544395447,-0.09871011227369308,0.5970162153244019,0.6652875542640686,-0.08187586814165115,0.6295992136001587,0.6623439788818359,-0.06971244513988495,0.12933921813964844,0.692473828792572,1.1165791846678985e-07,0.1984698474407196,0.6186162233352661,0.00830534752458334,0.2829256057739258,0.5780897736549377,-0.008547790348529816,0.34280818700790405,0.5907129645347595,-0.030334671959280968,0.37663501501083374,0.6190128326416016,-0.051902834326028824,0.3060549199581146,0.5146356821060181,-0.04486190900206566,0.39048755168914795,0.4902721643447876,-0.0787932425737381,0.443156361579895,0.4849700629711151,-0.09759145975112915,0.4832882285118103,0.48856955766677856,-0.1088198572397232,0.2869047224521637,0.5584667325019836,-0.06951463967561722,0.38560834527015686,0.678482174873352,-0.10521873086690903,0.34820783138275146,0.6874245405197144,-0.10313209146261215,0.31480252742767334,0.6560537815093994,-0.09811641275882721,0.26268601417541504,0.6217823624610901,-0.09229382872581482,0.34899914264678955,0.737525463104248,-0.1194826290011406,0.30897289514541626,0.7281478643417358,-0.10186564922332764,0.28208887577056885,0.6916314959526062,-0.08723460137844086,0.23713606595993042,0.6906861066818237,-0.11461619287729263,0.3138340711593628,0.7730287909507751,-0.12153054773807526,0.2851482927799225,0.762867271900177,-0.09988700598478317,0.25537988543510437,0.7294073700904846,-0.08347707986831665,Q
0.7774767875671387,0.5915138721466064,4.029577667097328e-07,0.7290024757385254,0.4875323474407196,-0.029862524941563606,0.6233583092689514,0.44417792558670044,-0.054616089910268784,0.5366917252540588,0.4608030617237091,-0.0684167668223381,0.47833651304244995,0.4817560911178589,-0.08215776085853577,0.6513174772262573,0.49078109860420227,-0.11557630449533463,0.5196187496185303,0.5232484340667725,-0.14783157408237457,0.4649525284767151,0.5119100213050842,-0.15434324741363525,0.4386233687400818,0.5018879771232605,-0.15409120917320251,0.661227285861969,0.592530369758606,-0.1106441468000412,0.518190324306488,0.5894735455513,-0.14120431244373322,0.5389264225959778,0.5490410327911377,-0.13206389546394348,0.5886709690093994,0.5340655446052551,-0.12236524373292923,0.6695260405540466,0.6711369752883911,-0.10148946940898895,0.5449463129043579,0.6485165357589722,-0.11792406439781189,0.5696148872375488,0.6129733920097351,-0.09131857752799988,0.6101208925247192,0.6053407192230225,-0.07329091429710388,0.673608124256134,0.733209490776062,-0.09380005300045013,0.5745938420295715,0.6967113614082336,-0.10262802988290787,0.5966132283210754,0.6657156348228455,-0.08435192704200745,0.6284736394882202,0.6637545228004456,-0.0717792809009552,0.1280011236667633,0.6891976594924927,1.3041531587987265e-07,0.19898763298988342,0.6161800622940063,0.0076949759386479855,0.28721892833709717,0.5826905369758606,-0.010827534832060337,0.3492119014263153,0.607761025428772,-0.03426343575119972,0.3811380863189697,0.6470452547073364,-0.05778517574071884,0.3066231310367584,0.5144017338752747,-0.047601692378520966,0.39162677526474,0.49085766077041626,-0.081271231174469,0.44464534521102905,0.48683875799179077,-0.1000676155090332,0.484281986951828,0.49126845598220825,-0.11155002564191818,0.2865237295627594,0.5600847601890564,-0.07295680046081543,0.3841486871242523,0.6780894994735718,-0.10766000300645828,0.3474091589450836,0.6876645684242249,-0.10590015351772308,0.31462064385414124,0.6575924158096313,-0.10193803161382675,0.2612535357475281,0.6247105002403259,-0.0962631031870842,0.3485965430736542,0.738184928894043,-0.12266474962234497,0.3087800145149231,0.7293614745140076,-0.10502063482999802,0.28217601776123047,0.6943539381027222,-0.09096065908670425,0.2352980673313141,0.6940231919288635,-0.11921989917755127,0.3135172426700592,0.7736742496490479,-0.12486603111028671,0.2854054868221283,0.7639992237091064,-0.10213763266801834,0.2555573582649231,0.7325477600097656,-0.08553538471460342,Q
0.7759883403778076,0.590754508972168,5.03215346725483e-07,0.7290371656417847,0.48807162046432495,-0.033259931951761246,0.6256043910980225,0.4470696449279785,-0.059545647352933884,0.5406115651130676,0.4625510573387146,-0.07349904626607895,0.48094063997268677,0.47981733083724976,-0.08751347661018372,0.6501305103302002,0.4908895492553711,-0.12347303330898285,0.5155254006385803,0.5168192982673645,-0.15436676144599915,0.4486010670661926,0.5022520422935486,-0.15909801423549652,0.4061233401298523,0.48955002427101135,-0.15867051482200623,0.6602387428283691,0.5919148921966553,-0.11670100688934326,0.5156687498092651,0.589182436466217,-0.14737637341022491,0.5364344716072083,0.5481598377227783,-0.13576176762580872,0.5854949951171875,0.5324222445487976,-0.12410692125558853,0.6687130331993103,0.670116126537323,-0.10537966340780258,0.5427295565605164,0.6459711194038391,-0.1217862144112587,0.5684590339660645,0.6094284653663635,-0.0929582267999649,0.6085754036903381,0.6025230288505554,-0.07329943776130676,0.6730536222457886,0.731210470199585,-0.09585341811180115,0.5734401941299438,0.6937251091003418,-0.1055755764245987,0.5958925485610962,0.6621869206428528,-0.0870794877409935,0.6277117729187012,0.6606827974319458,-0.07409902662038803,0.1278209090232849,0.6916577816009521,1.1993216730843415e-07,0.1980663388967514,0.6164637804031372,0.008094795979559422,0.28612440824508667,0.5815878510475159,-0.01015054527670145,0.3477114140987396,0.6051878333091736,-0.033174313604831696,0.37987202405929565,0.6435360312461853,-0.0562455914914608,0.30620259046554565,0.5152636766433716,-0.04856882616877556,0.3913171887397766,0.49100619554519653,-0.08296646922826767,0.44447121024131775,0.48662784695625305,-0.1021355539560318,0.48468679189682007,0.49117785692214966,-0.11369726806879044,0.2859988510608673,0.5604801177978516,-0.07382404804229736,0.38373637199401855,0.6789718270301819,-0.10908612608909607,0.3463563919067383,0.6873308420181274,-0.10693072527647018,0.3134830594062805,0.6563447117805481,-0.10244957357645035,0.26094353199005127,0.6245411038398743,-0.09698061645030975,0.34777840971946716,0.7383010387420654,-0.12343911826610565,0.307354599237442,0.7283676862716675,-0.10526295751333237,0.28058987855911255,0.6924737095832825,-0.09072482585906982,0.2350364476442337,0.6937008500099182,-0.1197364330291748,0.31300321221351624,0.7735486626625061,-0.12515902519226074,0.28456515073776245,0.7633373141288757,-0.10217238962650299,0.2548633813858032,0.7310470938682556,-0.0853366106748581,Q
0.7793434262275696,0.5900918841362,4.2181019921372354e-07,0.7291237711906433,0.4876989722251892,-0.031153209507465363,0.6251660585403442,0.44547033309936523,-0.05560709163546562,0.54030442237854,0.46185076236724854,-0.06854146718978882,0.48190996050834656,0.4845660328865051,-0.08143386244773865,0.6510676741600037,0.49324706196784973,-0.11614343523979187,0.5225669741630554,0.524199903011322,-0.1469978243112564,0.46534979343414307,0.5109097957611084,-0.15252619981765747,0.4340042471885681,0.4990801513195038,-0.15201960504055023,0.6618025898933411,0.592860221862793,-0.11056189239025116,0.5189951658248901,0.5916940569877625,-0.1397727131843567,0.5393089056015015,0.5500466823577881,-0.12954676151275635,0.5882967710494995,0.5336874127388,-0.11918074637651443,0.6709422469139099,0.6705206632614136,-0.10091172158718109,0.5459691286087036,0.6487250924110413,-0.11710760742425919,0.5708290934562683,0.6118526458740234,-0.0904148519039154,0.6106545925140381,0.6038087010383606,-0.07219476997852325,0.676018238067627,0.7319023609161377,-0.09286079555749893,0.5764158964157104,0.6970952153205872,-0.10193286836147308,0.5977253317832947,0.6646854877471924,-0.08391549438238144,0.6293462514877319,0.662635087966919,-0.07142943888902664,0.1290847212076187,0.690500020980835,1.396594200286927e-07,0.1995081901550293,0.6172153353691101,0.007664969190955162,0.2876795530319214,0.5840258598327637,-0.01162547804415226,0.35006263852119446,0.6089341640472412,-0.0358702689409256,0.3817542791366577,0.6476679444313049,-0.06027121841907501,0.3065403699874878,0.5130778551101685,-0.0486694797873497,0.394476056098938,0.48989802598953247,-0.08319452404975891,0.44964873790740967,0.4867529273033142,-0.10277697443962097,0.4918266534805298,0.4913381338119507,-0.11496239900588989,0.28663456439971924,0.5579296946525574,-0.07410713285207748,0.3841002583503723,0.6779640316963196,-0.11017490178346634,0.3460087180137634,0.6883401274681091,-0.10905946791172028,0.3132152259349823,0.6569809317588806,-0.10543864965438843,0.26197540760040283,0.6229234933853149,-0.09735864400863647,0.3487492501735687,0.7384082674980164,-0.12431967258453369,0.3077777028083801,0.7296267747879028,-0.10623889416456223,0.2809714674949646,0.6929662227630615,-0.09193112701177597,0.23643627762794495,0.6929410696029663,-0.12027193605899811,0.3142300546169281,0.7740265130996704,-0.12642207741737366,0.2850044071674347,0.7649862766265869,-0.10363978147506714,0.25524047017097473,0.7324152588844299,-0.08695600181818008,Q
0.7798595428466797,0.5949944257736206,4.560695003874571e-07,0.7318676710128784,0.4918004870414734,-0.03332916274666786,0.6276511549949646,0.4486311972141266,-0.05773705989122391,0.5429610013961792,0.4627024531364441,-0.06983891129493713,0.48428428173065186,0.4773072898387909,-0.08207036554813385,0.6499582529067993,0.4916057288646698,-0.11701807379722595,0.5258355736732483,0.5178923606872559,-0.14626894891262054,0.46025407314300537,0.5066986083984375,-0.15109200775623322,0.4152960479259491,0.4972023367881775,-0.15131360292434692,0.6607794761657715,0.591624915599823,-0.11051025986671448,0.5171554684638977,0.5911298394203186,-0.14084869623184204,0.5392130017280579,0.5496776700019836,-0.13086210191249847,0.5880149602890015,0.5327932238578796,-0.11982573568820953,0.6695892214775085,0.6698905825614929,-0.09972323477268219,0.5438721179962158,0.6476835012435913,-0.11815343052148819,0.5715532302856445,0.610310435295105,-0.09153477847576141,0.612135648727417,0.602544367313385,-0.07225403934717178,0.6745279431343079,0.7316473126411438,-0.0905783399939537,0.5747268199920654,0.6961853504180908,-0.10182269662618637,0.5985779762268066,0.663901150226593,-0.08429031074047089,0.6312820911407471,0.6618691086769104,-0.07154003530740738,0.127536803483963,0.6928220987319946,1.1502655183903698e-07,0.19790157675743103,0.6179181337356567,0.008947896771132946,0.28647586703300476,0.5860610008239746,-0.009980732575058937,0.3502155840396881,0.613720715045929,-0.03404960036277771,0.38390815258026123,0.6543585062026978,-0.05829644575715065,0.30596697330474854,0.5141036510467529,-0.048164304345846176,0.3932960033416748,0.4912679195404053,-0.08184617012739182,0.4477212429046631,0.48816949129104614,-0.1010289192199707,0.489215612411499,0.4918224513530731,-0.11315034329891205,0.2865808606147766,0.5597190856933594,-0.07429981231689453,0.3828580975532532,0.6758143305778503,-0.10876582562923431,0.34564441442489624,0.6868144869804382,-0.10706163942813873,0.3130899965763092,0.6569121479988098,-0.10367992520332336,0.2622446119785309,0.6251543760299683,-0.09812387079000473,0.3491513729095459,0.7378889322280884,-0.12378671765327454,0.3090982437133789,0.730728268623352,-0.10517677664756775,0.28195101022720337,0.6961962580680847,-0.09103744477033615,0.23701240122318268,0.6952858567237854,-0.12158262729644775,0.3148570954799652,0.7746179103851318,-0.1264527589082718,0.2862272262573242,0.7661434412002563,-0.10307659208774567,0.25588512420654297,0.7352474927902222,-0.08637209236621857,Q
0.7802902460098267,0.5982480049133301,4.2879290163000405e-07,0.7323352098464966,0.49247851967811584,-0.033102743327617645,0.6250854730606079,0.4461856782436371,-0.05722440406680107,0.5375797748565674,0.46268367767333984,-0.0695035308599472,0.47792404890060425,0.4811376929283142,-0.08143366873264313,0.6520997285842896,0.4944922626018524,-0.11435315757989883,0.5232083797454834,0.522497832775116,-0.14516136050224304,0.4627286195755005,0.5088577270507812,-0.15088395774364471,0.42673301696777344,0.4979282021522522,-0.15099138021469116,0.6616837382316589,0.5964160561561584,-0.10820905864238739,0.5183449983596802,0.5907101631164551,-0.1399482935667038,0.5425567626953125,0.5498911738395691,-0.13106147944927216,0.5936859250068665,0.5351228713989258,-0.12058921158313751,0.6699941754341125,0.6742875576019287,-0.09815357625484467,0.5474346876144409,0.6487805843353271,-0.11689502000808716,0.5754705667495728,0.6130682826042175,-0.09049741178750992,0.6162087321281433,0.6066098809242249,-0.07157549262046814,0.6741926670074463,0.7355880737304688,-0.08984435349702835,0.5766004323959351,0.6966782212257385,-0.10037822276353836,0.601394534111023,0.6659826040267944,-0.08241180330514908,0.6337324380874634,0.6655085682868958,-0.06966907531023026,0.12814784049987793,0.6919190287590027,1.140267045229848e-07,0.19989708065986633,0.6191615462303162,0.009510112926363945,0.28827521204948425,0.5857205390930176,-0.009120467118918896,0.35023781657218933,0.6101442575454712,-0.03340070694684982,0.38154566287994385,0.6485245227813721,-0.05788451433181763,0.3066825866699219,0.5143586993217468,-0.04487935081124306,0.3916730284690857,0.4892820119857788,-0.07753254473209381,0.44501549005508423,0.48465269804000854,-0.09594632685184479,0.484762966632843,0.48771846294403076,-0.10769471526145935,0.28730717301368713,0.5581535696983337,-0.07126282900571823,0.38336682319641113,0.6763817667961121,-0.10656698793172836,0.3466249704360962,0.6880143284797668,-0.10579535365104675,0.3141671121120453,0.6578547954559326,-0.10251345485448837,0.2629299461841583,0.6226170063018799,-0.09530694037675858,0.3481084704399109,0.7369349598884583,-0.12142910808324814,0.30850619077682495,0.7296794652938843,-0.10361889749765396,0.2821671962738037,0.6944693326950073,-0.08976666629314423,0.23773664236068726,0.692180335521698,-0.11894672363996506,0.3146401345729828,0.7738999724388123,-0.12484576553106308,0.28557637333869934,0.7653264999389648,-0.10255269706249237,0.2561286389827728,0.7334951758384705,-0.08634218573570251,Q
0.7832063436508179,0.5971249341964722,4.159891773269919e-07,0.7370408177375793,0.49311044812202454,-0.033605195581912994,0.6315075755119324,0.4419836401939392,-0.058989834040403366,0.5449433922767639,0.4576794505119324,-0.07260405272245407,0.48587000370025635,0.480085551738739,-0.0862099751830101,0.656383216381073,0.4863935112953186,-0.11382661014795303,0.5311527848243713,0.5152960419654846,-0.14431729912757874,0.468136727809906,0.5064080953598022,-0.14997124671936035,0.4291704297065735,0.4996894598007202,-0.15006574988365173,0.6664116978645325,0.5856507420539856,-0.10862376540899277,0.5169092416763306,0.5893152952194214,-0.14114271104335785,0.5396162867546082,0.551213264465332,-0.13293100893497467,0.5922925472259521,0.5359322428703308,-0.12209128588438034,0.6737185716629028,0.6645491123199463,-0.0995623841881752,0.5452080965042114,0.6447118520736694,-0.12093453109264374,0.5727448463439941,0.6107743978500366,-0.09569065272808075,0.6143785119056702,0.6035035252571106,-0.07613596320152283,0.6762158274650574,0.7286995053291321,-0.09197363257408142,0.5732853412628174,0.6930603384971619,-0.10474729537963867,0.5980190634727478,0.6625977158546448,-0.08721569925546646,0.6321673393249512,0.6610189080238342,-0.07400332391262054,0.1299879401922226,0.6878462433815002,1.4100851331022568e-07,0.19998425245285034,0.6155006289482117,0.008078069426119328,0.28693950176239014,0.5830622315406799,-0.01145019568502903,0.34881773591041565,0.6091362237930298,-0.036193523555994034,0.3817365765571594,0.6477633714675903,-0.06110742688179016,0.3073037564754486,0.5119852423667908,-0.04779106378555298,0.3947530686855316,0.48728322982788086,-0.08218768984079361,0.44999009370803833,0.4842284619808197,-0.10181046277284622,0.4915328323841095,0.4892067313194275,-0.1140776053071022,0.2880103886127472,0.5573006272315979,-0.0734412744641304,0.38380593061447144,0.6756113767623901,-0.10922672599554062,0.34667307138442993,0.6861445903778076,-0.10819998383522034,0.3143262565135956,0.6551398038864136,-0.10491911321878433,0.2637145519256592,0.6220284104347229,-0.09691215306520462,0.34898191690444946,0.7357273101806641,-0.12367896735668182,0.30918022990226746,0.728127658367157,-0.10526546835899353,0.28288307785987854,0.6924761533737183,-0.09100896120071411,0.23847320675849915,0.6907603740692139,-0.12006507813930511,0.31482401490211487,0.7709918022155762,-0.12647350132465363,0.28571903705596924,0.7624117732048035,-0.10361504554748535,0.25623083114624023,0.7302016019821167,-0.08691270649433136,Q
0.7870916724205017,0.5998640060424805,3.086426545451104e-07,0.7390236854553223,0.4965406060218811,-0.02875613607466221,0.6336520314216614,0.44914719462394714,-0.05181567743420601,0.545253574848175,0.45813822746276855,-0.06460919231176376,0.48278290033340454,0.4768664240837097,-0.07768905907869339,0.6567866206169128,0.48274391889572144,-0.10782216489315033,0.5299383401870728,0.5124475359916687,-0.1386072337627411,0.4752230644226074,0.5093486905097961,-0.14551721513271332,0.4472961127758026,0.5108404755592346,-0.1459716409444809,0.6647138595581055,0.5823017954826355,-0.10417237877845764,0.5212987065315247,0.588150143623352,-0.132801353931427,0.5422433614730835,0.553191065788269,-0.12487134337425232,0.5923177003860474,0.5416765213012695,-0.11648101359605789,0.6724543571472168,0.6625321507453918,-0.09677406400442123,0.5474179983139038,0.6469849944114685,-0.11427074670791626,0.5732378959655762,0.6141893863677979,-0.0894756019115448,0.6141296029090881,0.6085975170135498,-0.07231084257364273,0.675691545009613,0.7274551391601562,-0.0906585305929184,0.5752569437026978,0.6958733797073364,-0.1013425663113594,0.5985211133956909,0.6664259433746338,-0.08364233374595642,0.6318565011024475,0.6660693883895874,-0.07119300961494446,0.12835489213466644,0.6909856796264648,1.1461531101986111e-07,0.19824331998825073,0.6154078841209412,0.008595716208219528,0.2868443727493286,0.5814537405967712,-0.009437975473701954,0.34920749068260193,0.6077377200126648,-0.03244929388165474,0.38245734572410583,0.6479865312576294,-0.055480923503637314,0.30681198835372925,0.5122374892234802,-0.04729359596967697,0.3924822211265564,0.4862450659275055,-0.08104443550109863,0.44629544019699097,0.48274415731430054,-0.10007645189762115,0.4867895841598511,0.48745226860046387,-0.11178649216890335,0.28732752799987793,0.5581746101379395,-0.07271421700716019,0.3845408856868744,0.6742009520530701,-0.107720747590065,0.3477366268634796,0.6836950182914734,-0.10619059205055237,0.31498464941978455,0.6530333161354065,-0.10233130306005478,0.2631292939186096,0.6233993172645569,-0.09593027830123901,0.3495916426181793,0.735806941986084,-0.12187284231185913,0.31010475754737854,0.7269033193588257,-0.1038566380739212,0.2835063338279724,0.6916674375534058,-0.0896325409412384,0.2379743754863739,0.6930764317512512,-0.11876305192708969,0.3152615427970886,0.771892786026001,-0.12386780977249146,0.2865947484970093,0.7623859643936157,-0.10093341022729874,0.2569025158882141,0.7308530807495117,-0.08417246490716934,Q
0.7837960124015808,0.598772406578064,3.5607274639914976e-07,0.7356719970703125,0.4955449402332306,-0.029546506702899933,0.6304792165756226,0.4489228129386902,-0.053799569606781006,0.5429267287254333,0.45878490805625916,-0.06756017357110977,0.48085272312164307,0.4754011929035187,-0.08183656632900238,0.6560294032096863,0.4827306866645813,-0.10885210335254669,0.5336337089538574,0.5100053548812866,-0.14008361101150513,0.4737207889556885,0.5093873739242554,-0.14783227443695068,0.43902647495269775,0.5128684639930725,-0.1492718756198883,0.6651041507720947,0.583817183971405,-0.10600650310516357,0.5184423923492432,0.5868538022041321,-0.13732831180095673,0.5402877330780029,0.5504546165466309,-0.13066448271274567,0.5921085476875305,0.53782719373703,-0.12198518216609955,0.6732032895088196,0.6645795106887817,-0.09910248219966888,0.5458654761314392,0.6467956304550171,-0.1198769062757492,0.5723031163215637,0.6127586960792542,-0.09519093483686447,0.6141019463539124,0.6066298484802246,-0.07658922672271729,0.6767336130142212,0.7293718457221985,-0.09327860176563263,0.5732196569442749,0.6975015997886658,-0.10557862371206284,0.5968791842460632,0.6661934852600098,-0.08670924603939056,0.6317530274391174,0.6648468971252441,-0.07268320024013519,0.128292977809906,0.6896127462387085,1.224372994101941e-07,0.19997438788414001,0.6163744926452637,0.00867125391960144,0.2887132167816162,0.5830805897712708,-0.00987072754651308,0.3502338230609894,0.6090643405914307,-0.03379805386066437,0.381176620721817,0.6493090987205505,-0.057869140058755875,0.3075353801250458,0.5119078159332275,-0.045345865190029144,0.3927268385887146,0.48707959055900574,-0.07860050350427628,0.44629204273223877,0.48290759325027466,-0.0976005420088768,0.4866391718387604,0.48671096563339233,-0.10959114879369736,0.2877838611602783,0.5572041273117065,-0.07128369063138962,0.38445329666137695,0.6749519109725952,-0.10666967183351517,0.3473074436187744,0.6843941807746887,-0.10574580729007721,0.31461799144744873,0.6531044244766235,-0.10224808752536774,0.26309189200401306,0.6220582127571106,-0.09504229575395584,0.34927207231521606,0.735274612903595,-0.12137690931558609,0.3093138635158539,0.7265479564666748,-0.10342462360858917,0.282783180475235,0.6909484267234802,-0.08923260867595673,0.23746520280838013,0.6914523243904114,-0.11847875267267227,0.314789742231369,0.7710512280464172,-0.12430059909820557,0.2855652868747711,0.7617678046226501,-0.10155390948057175,0.2558616101741791,0.7301288843154907,-0.08488518744707108,Q
0.7822294235229492,0.5974780917167664,3.335005089866172e-07,0.7349023222923279,0.49640941619873047,-0.028889654204249382,0.6313554048538208,0.44865405559539795,-0.05223622918128967,0.5465101599693298,0.45766162872314453,-0.06587377935647964,0.4853109121322632,0.4756162762641907,-0.07969243824481964,0.6526037454605103,0.4835158586502075,-0.10505116730928421,0.5271130800247192,0.5151346921920776,-0.13652589917182922,0.4733250141143799,0.5096684098243713,-0.14479324221611023,0.4464695453643799,0.5075522661209106,-0.14600412547588348,0.6628157496452332,0.5834013819694519,-0.10196562111377716,0.5194054245948792,0.5879581570625305,-0.13271459937095642,0.5420768857002258,0.552208423614502,-0.12671680748462677,0.5933746099472046,0.5390323996543884,-0.11882273107767105,0.6719150543212891,0.6634350419044495,-0.0952664464712143,0.5468234419822693,0.6475893259048462,-0.11531234532594681,0.5737921595573425,0.6155552268028259,-0.09151048213243484,0.615607500076294,0.6088899374008179,-0.07391079515218735,0.6758480072021484,0.7286288738250732,-0.08982613682746887,0.5736878514289856,0.6961591243743896,-0.10213295370340347,0.5979570746421814,0.6667622327804565,-0.08439415693283081,0.6325680017471313,0.664447009563446,-0.07129775732755661,0.12933559715747833,0.6885961294174194,1.32727322466053e-07,0.201681986451149,0.6161378622055054,0.008638271130621433,0.2910159230232239,0.5850235223770142,-0.011075315065681934,0.3529735505580902,0.6129637956619263,-0.03629610687494278,0.3823472261428833,0.6530722975730896,-0.06175173446536064,0.30836355686187744,0.5113440155982971,-0.046679820865392685,0.39323562383651733,0.4878312647342682,-0.08041324466466904,0.4467473030090332,0.48378175497055054,-0.0994589626789093,0.4866965413093567,0.4881383180618286,-0.11144339293241501,0.2878396213054657,0.5569462776184082,-0.07311809808015823,0.3844716250896454,0.67430579662323,-0.10900726914405823,0.34714844822883606,0.6844403743743896,-0.10768986493349075,0.31464883685112,0.6537655591964722,-0.10388616472482681,0.2624969184398651,0.6220534443855286,-0.09735523909330368,0.3499188721179962,0.734923779964447,-0.12445138394832611,0.30978256464004517,0.7268397212028503,-0.10597676038742065,0.2828330099582672,0.6918624043464661,-0.09132440388202667,0.2367151975631714,0.6915981769561768,-0.12122597545385361,0.3151160776615143,0.7710317373275757,-0.1275654435157776,0.28599435091018677,0.7618999481201172,-0.10454917699098587,0.25601837038993835,0.7304268479347229,-0.08772344142198563,Q
0.7817723155021667,0.5997465252876282,3.50697121120902e-07,0.7345392107963562,0.4964753985404968,-0.02906661294400692,0.6301715970039368,0.44654321670532227,-0.05203917622566223,0.5441451668739319,0.4569053053855896,-0.06518498808145523,0.48316776752471924,0.4774605929851532,-0.07873494923114777,0.6511614322662354,0.48466727137565613,-0.10445718467235565,0.5266005396842957,0.5174227356910706,-0.1357240080833435,0.47089260816574097,0.5104570984840393,-0.14420263469219208,0.4421696662902832,0.5059435367584229,-0.14578713476657867,0.6612772941589355,0.5843353867530823,-0.1013861820101738,0.5194888114929199,0.5877984166145325,-0.13259917497634888,0.5422202348709106,0.5519805550575256,-0.12697148323059082,0.5938788652420044,0.539239227771759,-0.11910401284694672,0.6709467172622681,0.6639961004257202,-0.09469791501760483,0.5472828149795532,0.6479711532592773,-0.11497312784194946,0.5738759636878967,0.6161211729049683,-0.091301329433918,0.6156023144721985,0.6095389723777771,-0.07368432730436325,0.675895631313324,0.7285194396972656,-0.08929159492254257,0.574790894985199,0.6962375044822693,-0.1017887070775032,0.5985386967658997,0.6673246622085571,-0.08424847573041916,0.6325790882110596,0.6654782891273499,-0.07122068107128143,0.12873056530952454,0.688819944858551,1.320123743653312e-07,0.20031172037124634,0.6157597303390503,0.008441763930022717,0.28961774706840515,0.5849746465682983,-0.01117080356925726,0.3522140383720398,0.6133787035942078,-0.03615666553378105,0.382446825504303,0.6533478498458862,-0.06135781109333038,0.307638555765152,0.5118244886398315,-0.04667864739894867,0.39245063066482544,0.48763421177864075,-0.08028966188430786,0.4463617503643036,0.4836633801460266,-0.09947004169225693,0.4865918755531311,0.48783236742019653,-0.1115928366780281,0.28792887926101685,0.5577131509780884,-0.07281333208084106,0.383655309677124,0.6734431385993958,-0.10834229737520218,0.3470453917980194,0.6840643882751465,-0.10730821639299393,0.31487390398979187,0.6540042757987976,-0.10386914014816284,0.2630465626716614,0.6230779886245728,-0.09671630710363388,0.3497805595397949,0.7347651720046997,-0.12349429726600647,0.3102438449859619,0.7270123362541199,-0.10518808662891388,0.2834583520889282,0.6925658583641052,-0.09077649563550949,0.2375367283821106,0.6926051378250122,-0.12026890367269516,0.3152233958244324,0.7710456848144531,-0.126470685005188,0.28621912002563477,0.7619758248329163,-0.1035783588886261,0.256386399269104,0.7307366728782654,-0.08689199388027191,Q
0.780704140663147,0.5965926647186279,3.5585634350354667e-07,0.7333061695098877,0.4944401979446411,-0.026970500126481056,0.6316688656806946,0.44807368516921997,-0.04947923496365547,0.547313392162323,0.45715975761413574,-0.06260368973016739,0.48592352867126465,0.47638779878616333,-0.07616457343101501,0.6491529941558838,0.4858924448490143,-0.10436740517616272,0.5213435292243958,0.5194589495658875,-0.1352626532316208,0.4668027460575104,0.5125291347503662,-0.14312802255153656,0.43941444158554077,0.5069897174835205,-0.14401115477085114,0.6589515209197998,0.5855000615119934,-0.10158982872962952,0.5191705226898193,0.5884289145469666,-0.13094325363636017,0.5400006175041199,0.5520539879798889,-0.124453105032444,0.5896438360214233,0.539245069026947,-0.11668919771909714,0.668589174747467,0.6646753549575806,-0.09500159323215485,0.5462730526924133,0.647966742515564,-0.1126025915145874,0.571180522441864,0.6153082847595215,-0.0885859802365303,0.6119750142097473,0.6090582013130188,-0.07168273627758026,0.6739598512649536,0.7282381057739258,-0.08960943669080734,0.5751751661300659,0.6970446109771729,-0.10030930489301682,0.5978357195854187,0.6668919920921326,-0.08254291862249374,0.6309950947761536,0.6651246547698975,-0.069657102227211,0.12765102088451385,0.6897144317626953,1.1711620828691593e-07,0.1986820101737976,0.6150026917457581,0.008694051764905453,0.2872682809829712,0.583081066608429,-0.01002498622983694,0.3496188223361969,0.6116937398910522,-0.033854298293590546,0.3816632032394409,0.6524912118911743,-0.05774359405040741,0.30600154399871826,0.511713981628418,-0.047171637415885925,0.39061933755874634,0.48888862133026123,-0.08047343045473099,0.444179892539978,0.48403021693229675,-0.0995226502418518,0.48478972911834717,0.48715677857398987,-0.11161115020513535,0.2861414849758148,0.5572385787963867,-0.0731777474284172,0.3826090097427368,0.6750630140304565,-0.10803000628948212,0.34559664130210876,0.6847984194755554,-0.10644593834877014,0.3126719295978546,0.6543591022491455,-0.10280784219503403,0.26142004132270813,0.6225088238716125,-0.09697189182043076,0.34803837537765503,0.7352538108825684,-0.12285246700048447,0.30811890959739685,0.7265176773071289,-0.10446510463953018,0.280988872051239,0.6915605664253235,-0.0902133509516716,0.2359337955713272,0.6925675868988037,-0.12043584138154984,0.31339770555496216,0.7714164853096008,-0.1255195289850235,0.28467506170272827,0.7616699934005737,-0.10256146639585495,0.2550210952758789,0.7303627729415894,-0.08603972941637039,Q
0.7808505892753601,0.5986247062683105,3.3890293593685783e-07,0.7331478595733643,0.49552953243255615,-0.02707735076546669,0.6298919320106506,0.4465749263763428,-0.049187179654836655,0.5434255599975586,0.458000123500824,-0.06181111931800842,0.48174387216567993,0.4791088104248047,-0.07466093450784683,0.6494916081428528,0.48671257495880127,-0.10520167648792267,0.5182631611824036,0.5239860415458679,-0.1365172415971756,0.4684302806854248,0.5118728280067444,-0.14421387016773224,0.4476117491722107,0.5001767873764038,-0.14453066885471344,0.6586818099021912,0.5856271386146545,-0.10160715132951736,0.5195294618606567,0.5881085395812988,-0.13033734261989594,0.5396189093589783,0.5525317192077637,-0.12341473251581192,0.5889742970466614,0.539663553237915,-0.11560221016407013,0.6677204966545105,0.6648185849189758,-0.09429798275232315,0.5473712086677551,0.6481078267097473,-0.11068008095026016,0.5721209645271301,0.6163738369941711,-0.08683259785175323,0.6127504706382751,0.6092010736465454,-0.07043244689702988,0.6727724671363831,0.7293474674224854,-0.08826887607574463,0.5755242109298706,0.6967701315879822,-0.09789444506168365,0.5980435609817505,0.6677983999252319,-0.08060777187347412,0.6303345561027527,0.6654319763183594,-0.06828801333904266,0.12861202657222748,0.6887825131416321,1.1861745718988459e-07,0.20101727545261383,0.6165447235107422,0.008374612778425217,0.2897810637950897,0.5854877829551697,-0.01065825019031763,0.35187411308288574,0.6133849620819092,-0.034956954419612885,0.3825951814651489,0.6526735424995422,-0.059328075498342514,0.3064897060394287,0.5109058022499084,-0.04624517261981964,0.3903118371963501,0.489956796169281,-0.07949630916118622,0.4427458643913269,0.4852936863899231,-0.09875210374593735,0.4827444553375244,0.48858508467674255,-0.11113844066858292,0.28629863262176514,0.5563837885856628,-0.07249338179826736,0.3827071785926819,0.6759787201881409,-0.10793373733758926,0.3453825116157532,0.6856313347816467,-0.10700249671936035,0.3127734959125519,0.6550050377845764,-0.10375037789344788,0.26128295063972473,0.6217980980873108,-0.09658676385879517,0.3482271432876587,0.735356867313385,-0.12319452315568924,0.30793291330337524,0.726283609867096,-0.10504397749900818,0.28096556663513184,0.6907936334609985,-0.09082968533039093,0.2357143759727478,0.691912829875946,-0.12039459496736526,0.31387221813201904,0.7712851762771606,-0.12647834420204163,0.2848908603191376,0.7613400220870972,-0.10380914062261581,0.2551060616970062,0.7298575639724731,-0.08737397938966751,Q
0.7808979749679565,0.5971245765686035,2.9963922543174704e-07,0.7324786186218262,0.4954023063182831,-0.027038032189011574,0.6274634599685669,0.45265641808509827,-0.05018540844321251,0.5395069122314453,0.46252745389938354,-0.0637250766158104,0.4764278531074524,0.4837867319583893,-0.07755424082279205,0.648493230342865,0.48338159918785095,-0.1082039475440979,0.5171772241592407,0.5182574391365051,-0.1406608521938324,0.46869319677352905,0.5142841935157776,-0.14865010976791382,0.44939762353897095,0.5135732889175415,-0.1492224931716919,0.6585094928741455,0.5837156772613525,-0.10546721518039703,0.5167143940925598,0.5905429720878601,-0.13427847623825073,0.5384793877601624,0.5547899007797241,-0.1264571100473404,0.5888688564300537,0.5418103933334351,-0.11867838352918625,0.6687342524528503,0.6647316813468933,-0.09899256378412247,0.5458251237869263,0.6505774259567261,-0.11578170210123062,0.572783887386322,0.6187233328819275,-0.09029847383499146,0.6141853332519531,0.6126282215118408,-0.07333478331565857,0.6746293306350708,0.7307581305503845,-0.09378509223461151,0.5761123895645142,0.7004222869873047,-0.103724405169487,0.6001522541046143,0.6716963052749634,-0.08522995561361313,0.6331623792648315,0.6702425479888916,-0.07252908498048782,0.12865939736366272,0.6868981122970581,1.3519647268367407e-07,0.20037943124771118,0.6145496964454651,0.008082039654254913,0.28931739926338196,0.5825692415237427,-0.010914766229689121,0.35087883472442627,0.6093952059745789,-0.035069454461336136,0.3807775378227234,0.649013102054596,-0.0594743974506855,0.30595239996910095,0.5118202567100525,-0.04662728309631348,0.38981392979621887,0.49028560519218445,-0.07990662008523941,0.441863089799881,0.48494672775268555,-0.0990261435508728,0.4815947413444519,0.4876304268836975,-0.111235611140728,0.2856610119342804,0.5572904944419861,-0.07246946543455124,0.38271239399909973,0.6756053566932678,-0.10836705565452576,0.3462327718734741,0.6857966184616089,-0.10755214840173721,0.3137717843055725,0.6566713452339172,-0.10405224561691284,0.2604999840259552,0.6223026514053345,-0.09609425067901611,0.34730249643325806,0.7357107996940613,-0.12283750623464584,0.30767372250556946,0.72702956199646,-0.1048567071557045,0.28115689754486084,0.6924518942832947,-0.09052325040102005,0.2348727434873581,0.6914806365966797,-0.11942507326602936,0.31264474987983704,0.7713242769241333,-0.12560679018497467,0.28377601504325867,0.7615213990211487,-0.10308011621236801,0.2543703317642212,0.7301404476165771,-0.08661941438913345,Q
0.7808221578598022,0.5978633761405945,2.9865515216442873e-07,0.7329719662666321,0.49529212713241577,-0.025378340855240822,0.6322422623634338,0.44688278436660767,-0.04809350520372391,0.547374963760376,0.4555889368057251,-0.061628200113773346,0.4864409565925598,0.47729453444480896,-0.07534194737672806,0.6502661108970642,0.48407483100891113,-0.10603644698858261,0.5171307921409607,0.5217408537864685,-0.13686199486255646,0.47057217359542847,0.5166332125663757,-0.14341619610786438,0.4545179605484009,0.5127497911453247,-0.14275139570236206,0.6599547266960144,0.5837011337280273,-0.10343493521213531,0.5176642537117004,0.5903778076171875,-0.13024021685123444,0.5361737608909607,0.5565966367721558,-0.12188748270273209,0.5851856470108032,0.543906569480896,-0.11387889087200165,0.6691471338272095,0.6643778681755066,-0.09700111299753189,0.5456178188323975,0.6503587365150452,-0.11209111660718918,0.5698858499526978,0.6195963621139526,-0.08763054758310318,0.6105818152427673,0.6123911738395691,-0.07153342664241791,0.6737978458404541,0.7302006483078003,-0.09166742861270905,0.5761918425559998,0.6992827653884888,-0.10093745589256287,0.5982200503349304,0.6708648800849915,-0.08347944170236588,0.6300873160362244,0.6677780151367188,-0.07137875258922577,0.12943969666957855,0.6869384050369263,1.4040527673842007e-07,0.20033591985702515,0.6144323348999023,0.008057164028286934,0.2883789837360382,0.5814726948738098,-0.011013252660632133,0.34944453835487366,0.6069183349609375,-0.035228293389081955,0.37914296984672546,0.645758330821991,-0.05972854048013687,0.306145578622818,0.5119884014129639,-0.047211866825819016,0.3915003538131714,0.49053460359573364,-0.08099297434091568,0.4439432621002197,0.48545336723327637,-0.10019499063491821,0.48383259773254395,0.4882529675960541,-0.11227858811616898,0.2858636975288391,0.5569857358932495,-0.07292958348989487,0.38356924057006836,0.6769331693649292,-0.1090230643749237,0.34628045558929443,0.6861981749534607,-0.10772087424993515,0.3135717511177063,0.6556280255317688,-0.10372943431138992,0.2608349919319153,0.6215816140174866,-0.09644585102796555,0.34772077202796936,0.7364643812179565,-0.1231592521071434,0.30729418992996216,0.7267691493034363,-0.10470811277627945,0.2806740999221802,0.691087543964386,-0.09004762768745422,0.23531386256217957,0.6906592845916748,-0.11965685337781906,0.3124393820762634,0.7712197303771973,-0.12586383521556854,0.28269946575164795,0.7608206868171692,-0.103070929646492,0.2532447874546051,0.728412926197052,-0.08636567741632462,Q
0.7794517874717712,0.5933879017829895,2.9225310527181136e-07,0.7304821610450745,0.49219056963920593,-0.026139428839087486,0.6265451908111572,0.44875413179397583,-0.04895326495170593,0.540904700756073,0.45896074175834656,-0.06265546381473541,0.4794583320617676,0.48235681653022766,-0.07635142654180527,0.6476248502731323,0.4881106913089752,-0.10594857484102249,0.5143303871154785,0.5232352614402771,-0.1385641247034073,0.46831071376800537,0.5162782073020935,-0.14656822383403778,0.45347511768341064,0.5130237936973572,-0.14667759835720062,0.6578800678253174,0.5871038436889648,-0.10352195054292679,0.5164421200752258,0.5915833115577698,-0.13259072601795197,0.5389949083328247,0.5545834898948669,-0.12537634372711182,0.5901786684989929,0.5426873564720154,-0.11774060875177383,0.6677398085594177,0.666405439376831,-0.09745267778635025,0.5453439950942993,0.6507405638694763,-0.11372392624616623,0.5718401074409485,0.6181029677391052,-0.08892466127872467,0.6129481196403503,0.6128345131874084,-0.07240400463342667,0.6730108261108398,0.7310479283332825,-0.09266488254070282,0.5742489695549011,0.6996400952339172,-0.10188382118940353,0.59797602891922,0.6702523827552795,-0.08373431116342545,0.6309649348258972,0.6692879796028137,-0.07133456319570541,0.12862329185009003,0.6863484978675842,1.36509342496538e-07,0.19889605045318604,0.6122069358825684,0.009116319939494133,0.28599831461906433,0.5796536803245544,-0.010144774802029133,0.347514808177948,0.6064967513084412,-0.03460322320461273,0.3793092668056488,0.6460641622543335,-0.0594010166823864,0.30557867884635925,0.5121514201164246,-0.04934614524245262,0.3905348777770996,0.48951229453086853,-0.08365174382925034,0.4439895749092102,0.4852863550186157,-0.10283253341913223,0.4832807779312134,0.4890652000904083,-0.1145191565155983,0.2851785123348236,0.5577250719070435,-0.07529733330011368,0.3819080591201782,0.6760041117668152,-0.11019210517406464,0.34616819024086,0.6864951848983765,-0.1076827272772789,0.3137815594673157,0.6563130617141724,-0.10336301475763321,0.2603485882282257,0.6224124431610107,-0.09893687069416046,0.34680089354515076,0.7356706857681274,-0.12491920590400696,0.3077290654182434,0.7274636030197144,-0.10603029280900955,0.28093358874320984,0.6925609707832336,-0.09139791876077652,0.23527352511882782,0.6912695169448853,-0.1221257671713829,0.31243008375167847,0.7713629007339478,-0.1273398995399475,0.2838308811187744,0.7619797587394714,-0.10397520661354065,0.2541676163673401,0.7304926514625549,-0.08705955743789673,Q
0.7811038494110107,0.600346028804779,2.7879735853275633e-07,0.7329763770103455,0.49488455057144165,-0.028082014992833138,0.626570999622345,0.44517266750335693,-0.0498601458966732,0.537921667098999,0.46111541986465454,-0.06176544353365898,0.4763871431350708,0.4838308095932007,-0.07328169792890549,0.6506562232971191,0.48704463243484497,-0.10451321303844452,0.5198610424995422,0.5214424133300781,-0.13397280871868134,0.4736676514148712,0.5167666673660278,-0.1388736218214035,0.45586442947387695,0.5148251056671143,-0.13732053339481354,0.6606308817863464,0.5872480273246765,-0.10035733133554459,0.516092836856842,0.5896995663642883,-0.12829220294952393,0.5368090867996216,0.552818775177002,-0.12023331224918365,0.5868037343025208,0.539419949054718,-0.11136072129011154,0.6680976152420044,0.6666983962059021,-0.09260513633489609,0.5418432950973511,0.6473044753074646,-0.10902223736047745,0.5682721138000488,0.6144681572914124,-0.0850781723856926,0.6093006730079651,0.607081949710846,-0.06835554540157318,0.6705100536346436,0.7308684587478638,-0.08612392842769623,0.5702473521232605,0.6947614550590515,-0.09578785300254822,0.5936017632484436,0.6659711599349976,-0.07923810929059982,0.6260263323783875,0.6640318036079407,-0.06762399524450302,0.1286081075668335,0.6898142695426941,1.2937364601839363e-07,0.19848206639289856,0.6148055195808411,0.008239217102527618,0.28564369678497314,0.57973313331604,-0.010150820948183537,0.346477210521698,0.6033976674079895,-0.033418286591768265,0.3779473602771759,0.6415436267852783,-0.056759726256132126,0.304889976978302,0.5120784640312195,-0.04849593713879585,0.38913610577583313,0.4882962107658386,-0.08285678178071976,0.4418012201786041,0.4831424951553345,-0.10222269594669342,0.4814971089363098,0.4869232177734375,-0.11402715742588043,0.28460803627967834,0.5574520826339722,-0.07399805635213852,0.38216832280158997,0.6764534711837769,-0.10930368304252625,0.3458261489868164,0.685158371925354,-0.10721084475517273,0.312973290681839,0.6545277833938599,-0.10288587212562561,0.25957414507865906,0.6218176484107971,-0.09740597009658813,0.34666627645492554,0.7361994981765747,-0.12402036041021347,0.30744412541389465,0.7272189855575562,-0.10590823739767075,0.2807731628417969,0.6917871236801147,-0.09150002151727676,0.23383089900016785,0.6909932494163513,-0.12044049054384232,0.3116320073604584,0.7724897861480713,-0.12614572048187256,0.28302595019340515,0.7624050378799438,-0.10338094830513,0.25304219126701355,0.7296850085258484,-0.08679234236478806,Q
0.7798247337341309,0.5951887369155884,3.267595332090423e-07,0.7318042516708374,0.49384835362434387,-0.027627823874354362,0.6268388628959656,0.4483972191810608,-0.05061371251940727,0.5398719906806946,0.45936208963394165,-0.06389698386192322,0.47809308767318726,0.4798020124435425,-0.07766679674386978,0.6494475603103638,0.48404660820961,-0.10557965934276581,0.5253822207450867,0.515182614326477,-0.13551443815231323,0.47084683179855347,0.512615442276001,-0.14212651550769806,0.44164198637008667,0.5140310525894165,-0.14273932576179504,0.6597384810447693,0.5840731263160706,-0.10328970849514008,0.5154644250869751,0.5890021920204163,-0.13361798226833344,0.5368845462799072,0.5511301159858704,-0.12676936388015747,0.5874120593070984,0.5375931262969971,-0.1183907613158226,0.6686827540397644,0.6647005677223206,-0.0970340371131897,0.5429254770278931,0.6482964158058167,-0.11650774627923965,0.569497287273407,0.6138963103294373,-0.09211213886737823,0.6110346913337708,0.6070024371147156,-0.07421329617500305,0.672784149646759,0.7298746109008789,-0.09182317554950714,0.5700206160545349,0.6993734836578369,-0.10311058908700943,0.5935949087142944,0.6681943535804749,-0.08475838601589203,0.6278168559074402,0.6656578779220581,-0.07146461308002472,0.12722718715667725,0.6892840266227722,1.2444785113530088e-07,0.19845159351825714,0.6151597499847412,0.008984152227640152,0.2856423258781433,0.580327570438385,-0.008774743415415287,0.34674352407455444,0.602620005607605,-0.03145008906722069,0.3791833519935608,0.6387553811073303,-0.05411292240023613,0.30503055453300476,0.5123305320739746,-0.04796469584107399,0.38794752955436707,0.4882162809371948,-0.08273572474718094,0.44078361988067627,0.4847329258918762,-0.10225475579500198,0.479295551776886,0.4898240566253662,-0.1137511283159256,0.2839938998222351,0.5579414367675781,-0.07374198734760284,0.3828062117099762,0.6769214868545532,-0.1083441823720932,0.3472791612148285,0.686121940612793,-0.1059482991695404,0.31389203667640686,0.6549742817878723,-0.1014600619673729,0.2583112418651581,0.6222242712974548,-0.09750153869390488,0.346861332654953,0.7373679280281067,-0.12411290407180786,0.3078574538230896,0.7288259267807007,-0.10658884793519974,0.2807813882827759,0.6931020021438599,-0.09242264926433563,0.23209431767463684,0.6914058923721313,-0.12074792385101318,0.3110080063343048,0.7733767032623291,-0.12615233659744263,0.28339236974716187,0.7637168169021606,-0.1033930703997612,0.2532387971878052,0.7313008308410645,-0.08671309798955917,Q
0.7787699699401855,0.5958170294761658,3.4169238460890483e-07,0.7308369874954224,0.4935697913169861,-0.02693733386695385,0.6290683150291443,0.44327759742736816,-0.049302082508802414,0.545053243637085,0.45344167947769165,-0.06219629943370819,0.48650968074798584,0.4788472354412079,-0.0752888098359108,0.649200975894928,0.48645687103271484,-0.10212282836437225,0.5254673361778259,0.5193578600883484,-0.13157586753368378,0.4703827500343323,0.5172436237335205,-0.13855648040771484,0.4418749511241913,0.5191149115562439,-0.13918650150299072,0.6593490242958069,0.586342453956604,-0.09965640306472778,0.5161540508270264,0.5897906422615051,-0.1293511688709259,0.536320686340332,0.5514882206916809,-0.12315327674150467,0.5866217613220215,0.5380610227584839,-0.11485254019498825,0.6681097745895386,0.6659032106399536,-0.09330529719591141,0.543133020401001,0.6483809351921082,-0.11182086169719696,0.5679428577423096,0.6143069267272949,-0.08822653442621231,0.6087709665298462,0.6072450280189514,-0.070744089782238,0.6722171306610107,0.729733943939209,-0.08805860579013824,0.5707963705062866,0.6970890760421753,-0.0985332503914833,0.5934764742851257,0.6669929623603821,-0.08068051189184189,0.6269936561584473,0.6648064851760864,-0.06761769950389862,0.1279015839099884,0.6887217164039612,1.3962387868104997e-07,0.19950193166732788,0.6150195598602295,0.007697330787777901,0.2863789200782776,0.5793644189834595,-0.010617955587804317,0.34680306911468506,0.6003153324127197,-0.03358203172683716,0.3780568242073059,0.6354048252105713,-0.05645105615258217,0.30559295415878296,0.5114380717277527,-0.04945392906665802,0.3902953267097473,0.4892476201057434,-0.08505618572235107,0.44391897320747375,0.4846295118331909,-0.10523124784231186,0.48429808020591736,0.48859840631484985,-0.11724331974983215,0.2846609950065613,0.5565840005874634,-0.07476744800806046,0.38313257694244385,0.6777327656745911,-0.11009424179792404,0.3468453288078308,0.6862137913703918,-0.10760536789894104,0.3137613534927368,0.6550109386444092,-0.10299446433782578,0.25880977511405945,0.6206591725349426,-0.09819576889276505,0.3469649851322174,0.7367009520530701,-0.1255507618188858,0.30736932158470154,0.7275161743164062,-0.10785388201475143,0.28047648072242737,0.6912832260131836,-0.09345909208059311,0.23244920372962952,0.6903306245803833,-0.12125561386346817,0.3110737204551697,0.7728133797645569,-0.1274103820323944,0.28312259912490845,0.7627207636833191,-0.10479888319969177,0.252846360206604,0.7297667264938354,-0.08815054595470428,Q
0.7811503410339355,0.5977864861488342,3.3849408964670147e-07,0.7340755462646484,0.4954289495944977,-0.02750983275473118,0.6318380236625671,0.4458499550819397,-0.04958853870630264,0.5469271540641785,0.45477306842803955,-0.061970848590135574,0.4863516092300415,0.47776177525520325,-0.07454397529363632,0.6512477397918701,0.4882369041442871,-0.10239647328853607,0.5268100500106812,0.5192190408706665,-0.13084012269973755,0.4719849228858948,0.5179669260978699,-0.13697394728660583,0.44439059495925903,0.5200976133346558,-0.13710103929042816,0.6601661443710327,0.5874568223953247,-0.09921057522296906,0.5176810026168823,0.5903006196022034,-0.12710994482040405,0.5367504358291626,0.5530660152435303,-0.12040699273347855,0.5864692330360413,0.5404615998268127,-0.11227928847074509,0.668426513671875,0.666671872138977,-0.09218546748161316,0.5434116125106812,0.6493549942970276,-0.1092764362692833,0.568215012550354,0.6157029867172241,-0.08608993887901306,0.6089939475059509,0.6089373230934143,-0.0695279911160469,0.6723623275756836,0.7295874357223511,-0.08632656931877136,0.5718230605125427,0.6966086626052856,-0.09691471606492996,0.5945206880569458,0.6668814420700073,-0.08014284819364548,0.6278288960456848,0.6648787260055542,-0.06800399720668793,0.1275884211063385,0.6909322142601013,1.0294970564928008e-07,0.2001531720161438,0.6174747943878174,0.010500931181013584,0.287873774766922,0.5835536122322083,-0.006774152163416147,0.3481929898262024,0.6079820394515991,-0.02952558547258377,0.37920182943344116,0.6466452479362488,-0.05245017632842064,0.3055558502674103,0.5145255327224731,-0.04483022913336754,0.3864114284515381,0.4906930923461914,-0.07789894938468933,0.43704888224601746,0.48560646176338196,-0.09663466364145279,0.47455257177352905,0.4884275794029236,-0.10808124393224716,0.28510838747024536,0.5597128868103027,-0.07132077217102051,0.3830025792121887,0.6765713691711426,-0.10513868182897568,0.3474859893321991,0.686618447303772,-0.10287895053625107,0.3137761056423187,0.6574393510818481,-0.0985313132405281,0.2597188353538513,0.6237929463386536,-0.0956239178776741,0.3471061587333679,0.736558198928833,-0.12114901840686798,0.30823782086372375,0.7287029027938843,-0.10351043939590454,0.28099411725997925,0.6948487162590027,-0.0894613265991211,0.23399680852890015,0.6926760077476501,-0.11937008798122406,0.31192147731781006,0.7732797265052795,-0.12403231114149094,0.28363025188446045,0.7636169791221619,-0.10128776729106903,0.25330400466918945,0.7324686050415039,-0.08482015877962112,Q
0.7800720930099487,0.5951449275016785,3.260438745655847e-07,0.7310764789581299,0.4933267831802368,-0.026404669508337975,0.6284322738647461,0.4460659921169281,-0.04850037023425102,0.5446330308914185,0.45644664764404297,-0.06133439764380455,0.4848344326019287,0.4775334596633911,-0.07448190450668335,0.6479439735412598,0.4873198866844177,-0.10053037106990814,0.5257723331451416,0.5213200449943542,-0.130240797996521,0.47254782915115356,0.5203417539596558,-0.13795825839042664,0.44695693254470825,0.5224952697753906,-0.13898135721683502,0.6593000292778015,0.5870833992958069,-0.09837725758552551,0.5169665813446045,0.5918453931808472,-0.12817314267158508,0.5380550622940063,0.5541645288467407,-0.12299120426177979,0.5897341370582581,0.540804922580719,-0.11538302153348923,0.6694095730781555,0.6663601994514465,-0.09233057498931885,0.5453144311904907,0.6514124274253845,-0.11113466322422028,0.5711183547973633,0.6179532408714294,-0.0882587656378746,0.6132383346557617,0.6107689738273621,-0.07128385454416275,0.6750117540359497,0.7298994064331055,-0.08731222152709961,0.5741100907325745,0.6997005343437195,-0.0987246036529541,0.5978406071662903,0.6697766184806824,-0.08142060041427612,0.6323167681694031,0.6671081185340881,-0.06857199221849442,0.13011741638183594,0.6899852156639099,1.5615621862252738e-07,0.19876018166542053,0.6182352900505066,0.0075555662624537945,0.2845965027809143,0.5826672911643982,-0.011270580813288689,0.3457963168621063,0.6050739884376526,-0.03518873453140259,0.3775429427623749,0.6397517919540405,-0.05920156091451645,0.30566298961639404,0.5120670199394226,-0.04624972864985466,0.39192330837249756,0.4883708357810974,-0.08077659457921982,0.44509053230285645,0.4865874648094177,-0.10020572692155838,0.4844582676887512,0.49309593439102173,-0.11186453700065613,0.28583037853240967,0.5573291182518005,-0.07100602239370346,0.3842833340167999,0.6761662364006042,-0.10703020542860031,0.3472645580768585,0.6872890591621399,-0.10560845583677292,0.31432783603668213,0.6569328904151917,-0.10127881914377213,0.2613508999347687,0.621631920337677,-0.09385599195957184,0.3483505845069885,0.7364490032196045,-0.12128046900033951,0.30796924233436584,0.7282246351242065,-0.1036694124341011,0.281315416097641,0.6921061277389526,-0.08920065313577652,0.23630404472351074,0.6903404593467712,-0.11626674979925156,0.31312716007232666,0.7718064785003662,-0.12304901331663132,0.28358978033065796,0.7624229192733765,-0.10080244392156601,0.2543802261352539,0.7292788624763489,-0.08417259901762009,Q
0.7830592393875122,0.6001424789428711,3.443826983584586e-07,0.7336425185203552,0.495483934879303,-0.027636215090751648,0.6302216053009033,0.4460392892360687,-0.04938214272260666,0.545018196105957,0.4587402939796448,-0.06112803518772125,0.48518651723861694,0.4819592237472534,-0.0727783739566803,0.6524808406829834,0.4928549528121948,-0.10383483022451401,0.5256040096282959,0.5248841047286987,-0.13257300853729248,0.47277504205703735,0.520196259021759,-0.13824911415576935,0.4474985599517822,0.51874178647995,-0.13782328367233276,0.6618661880493164,0.5924644470214844,-0.09990625083446503,0.518975019454956,0.5930423736572266,-0.12751884758472443,0.5375675559043884,0.5541653037071228,-0.12012895196676254,0.5863390564918518,0.5407007932662964,-0.11163873225450516,0.6700531840324402,0.6702648401260376,-0.0921369343996048,0.5446887612342834,0.6512507200241089,-0.10837214440107346,0.5695276260375977,0.6158245205879211,-0.08465979248285294,0.6097316741943359,0.6083407402038574,-0.06805436313152313,0.673965334892273,0.7312077283859253,-0.08563361316919327,0.574677050113678,0.6962863206863403,-0.09571472555398941,0.5972305536270142,0.6655848026275635,-0.07924631237983704,0.6294043660163879,0.6636037826538086,-0.06752290576696396,0.12751346826553345,0.6906520128250122,1.0818584428307076e-07,0.19773130118846893,0.6176745891571045,0.009235292673110962,0.28458476066589355,0.5841830968856812,-0.008849876001477242,0.3466016948223114,0.6091105341911316,-0.0319625623524189,0.38001057505607605,0.6456137299537659,-0.05528167635202408,0.3049623668193817,0.5156712532043457,-0.048191480338573456,0.3897554874420166,0.4894893765449524,-0.08199863135814667,0.44307565689086914,0.4847245216369629,-0.1009901762008667,0.48213857412338257,0.4880884289741516,-0.11245255917310715,0.28469109535217285,0.5611661672592163,-0.07398375868797302,0.38257282972335815,0.6755903959274292,-0.10761623084545135,0.3469396233558655,0.6882928609848022,-0.1052640974521637,0.31419581174850464,0.6598132848739624,-0.10120006650686264,0.2602126896381378,0.6257594227790833,-0.09753555804491043,0.3476468622684479,0.7370331287384033,-0.12283148616552353,0.30797427892684937,0.7306638956069946,-0.10459087044000626,0.2806037962436676,0.6970414519309998,-0.09047055244445801,0.23522838950157166,0.6949602365493774,-0.12060102075338364,0.31243929266929626,0.7737749218940735,-0.1252366155385971,0.28364092111587524,0.7658145427703857,-0.10192153602838516,0.2529298663139343,0.735806941986084,-0.08507630228996277,Q
0.781002938747406,0.5944935083389282,3.5788934837910347e-07,0.7306672930717468,0.4913426339626312,-0.027472810819745064,0.6292309761047363,0.4437043070793152,-0.05014299973845482,0.5465072989463806,0.4562990367412567,-0.06289546936750412,0.4881059527397156,0.47905734181404114,-0.07547198981046677,0.6522110104560852,0.48952701687812805,-0.1049511581659317,0.5259430408477783,0.524630069732666,-0.13421322405338287,0.47218894958496094,0.5209540128707886,-0.14010412991046906,0.4469035267829895,0.5188488960266113,-0.13957038521766663,0.6629161834716797,0.5893590450286865,-0.10124696046113968,0.5188482999801636,0.5937851667404175,-0.12965649366378784,0.5364170670509338,0.5547400712966919,-0.12242192029953003,0.585451602935791,0.5389097929000854,-0.11374382674694061,0.6712085008621216,0.6672264337539673,-0.09359662979841232,0.544665515422821,0.6499066948890686,-0.11078152805566788,0.5682986974716187,0.614378809928894,-0.08753123879432678,0.6084649562835693,0.6051040887832642,-0.07075317949056625,0.6746330261230469,0.7286396026611328,-0.08709929138422012,0.5742172598838806,0.69515460729599,-0.09773337841033936,0.5958598852157593,0.663805365562439,-0.08151334524154663,0.6280977725982666,0.6596604585647583,-0.0696667805314064,0.12845651805400848,0.689754843711853,1.2981712416149094e-07,0.20040354132652283,0.6174459457397461,0.009111533872783184,0.2886432111263275,0.5845792293548584,-0.009771212935447693,0.34976282715797424,0.6105743050575256,-0.03411632031202316,0.3794867992401123,0.6492319107055664,-0.05865727737545967,0.30553871393203735,0.5134994983673096,-0.04532230272889137,0.38956379890441895,0.4906599521636963,-0.07860860973596573,0.44224727153778076,0.4860217571258545,-0.09739717096090317,0.481826514005661,0.49022388458251953,-0.10909895598888397,0.2853274941444397,0.5587908029556274,-0.07159670442342758,0.3829788565635681,0.6771952509880066,-0.10687604546546936,0.3459717929363251,0.6876171827316284,-0.10523604601621628,0.3129359483718872,0.6576185822486877,-0.10103204101324081,0.2601662278175354,0.6233696341514587,-0.09571348130702972,0.34735700488090515,0.737076997756958,-0.12218505889177322,0.3072812557220459,0.7289788126945496,-0.10388083010911942,0.28028199076652527,0.6935698986053467,-0.0893012210726738,0.2342918962240219,0.6926720142364502,-0.11940304934978485,0.31236568093299866,0.7732751965522766,-0.12536637485027313,0.283393919467926,0.7641780972480774,-0.10252537578344345,0.25348201394081116,0.7321026921272278,-0.08581440150737762,Q
0.7834497690200806,0.5971992611885071,3.5429249578555755e-07,0.7339446544647217,0.4946300983428955,-0.028851190581917763,0.6297741532325745,0.4461052417755127,-0.051559928804636,0.5437813401222229,0.45804762840270996,-0.0638284757733345,0.4844841957092285,0.4804149270057678,-0.07597356289625168,0.6542499661445618,0.4870230555534363,-0.10616623610258102,0.5293997526168823,0.5195789337158203,-0.13584274053573608,0.47309553623199463,0.5189186930656433,-0.14178720116615295,0.4442729949951172,0.5216581225395203,-0.14164142310619354,0.6637820601463318,0.5878071784973145,-0.10210669040679932,0.5195318460464478,0.5907241702079773,-0.1316574513912201,0.5397624373435974,0.552107036113739,-0.12399506568908691,0.5904639363288879,0.5379446744918823,-0.11461447179317474,0.6718906760215759,0.6665101647377014,-0.09416959434747696,0.5472192764282227,0.6482179164886475,-0.11255857348442078,0.5729475617408752,0.6135867834091187,-0.0883820429444313,0.6138421893119812,0.6061522960662842,-0.07066476345062256,0.6754789352416992,0.7292292714118958,-0.08748287707567215,0.5768444538116455,0.6943200826644897,-0.09871585667133331,0.6003159284591675,0.6639323830604553,-0.08184698969125748,0.6328445672988892,0.6618804335594177,-0.0694260448217392,0.12962575256824493,0.6884448528289795,1.3074892990516673e-07,0.20024080574512482,0.6162776350975037,0.008169778622686863,0.28759607672691345,0.5827919244766235,-0.010534501634538174,0.34895461797714233,0.6070602536201477,-0.03434034809470177,0.38054654002189636,0.6442968249320984,-0.058337122201919556,0.3059830367565155,0.5137228965759277,-0.047566354274749756,0.3918202519416809,0.491230309009552,-0.08169027417898178,0.4443019926548004,0.48627495765686035,-0.10102858394384384,0.4843486547470093,0.48886507749557495,-0.11306558549404144,0.28577888011932373,0.5587791800498962,-0.07321196049451828,0.38434338569641113,0.6772422194480896,-0.10912001132965088,0.3473552465438843,0.6875919103622437,-0.10771821439266205,0.31444165110588074,0.6578474640846252,-0.10375810414552689,0.26090192794799805,0.6229773163795471,-0.09674851596355438,0.3477776050567627,0.736434817314148,-0.12368030846118927,0.307704359292984,0.7278203368186951,-0.10580074787139893,0.28124523162841797,0.6928441524505615,-0.09147470444440842,0.23565541207790375,0.6920135021209717,-0.11991649866104126,0.3132716417312622,0.7722700834274292,-0.12600229680538177,0.28442326188087463,0.762566089630127,-0.10348400473594666,0.25480425357818604,0.7308700680732727,-0.0870235338807106,Q
0.7819135189056396,0.5935384035110474,3.5697490829988965e-07,0.7316180467605591,0.4912433922290802,-0.026224946603178978,0.6283908486366272,0.44436830282211304,-0.04794911667704582,0.5450035929679871,0.4566202759742737,-0.06043330952525139,0.48585566878318787,0.47802865505218506,-0.07300730049610138,0.652325451374054,0.4910891354084015,-0.10062318295240402,0.5275733470916748,0.5240611433982849,-0.12963905930519104,0.4727816581726074,0.5211485624313354,-0.13628606498241425,0.44567394256591797,0.520915150642395,-0.13649849593639374,0.6635093688964844,0.5902261734008789,-0.0982227697968483,0.5195077657699585,0.5926961898803711,-0.12751448154449463,0.5386647582054138,0.5531861782073975,-0.12182687222957611,0.5892716646194458,0.538641095161438,-0.11381319910287857,0.6727862358093262,0.6681534647941589,-0.09179770946502686,0.5474987030029297,0.6503287553787231,-0.1099945530295372,0.5717705488204956,0.6150587797164917,-0.08705474436283112,0.6131243109703064,0.6074192523956299,-0.07007785141468048,0.6772146821022034,0.730279803276062,-0.08641738444566727,0.5754128098487854,0.6980310678482056,-0.09729824215173721,0.5980643033981323,0.6664055585861206,-0.07998255640268326,0.6321932673454285,0.6631447076797485,-0.06715576350688934,0.12981081008911133,0.6884523630142212,1.3007588961500005e-07,0.19929838180541992,0.6151217818260193,0.008837146684527397,0.2867324948310852,0.5843981504440308,-0.010237844660878181,0.3490331768989563,0.6121641397476196,-0.03434900939464569,0.3815595507621765,0.6521880030632019,-0.058657824993133545,0.30635306239128113,0.5143693685531616,-0.05016205459833145,0.39328062534332275,0.4899213910102844,-0.08552336692810059,0.4480046033859253,0.4863452911376953,-0.10565859824419022,0.488655149936676,0.4906378388404846,-0.11783405393362045,0.28584495186805725,0.5601253509521484,-0.0761755108833313,0.38254308700561523,0.6769534945487976,-0.11159172654151917,0.34625640511512756,0.6873729228973389,-0.10950241982936859,0.31363895535469055,0.6574666500091553,-0.10552012920379639,0.26090219616889954,0.6249606609344482,-0.09995413571596146,0.34786882996559143,0.7375296354293823,-0.1266711801290512,0.3083468973636627,0.7293877601623535,-0.10793273150920868,0.2813681960105896,0.6948398351669312,-0.09330176562070847,0.2356579303741455,0.6945673823356628,-0.12328219413757324,0.3134004473686218,0.774297833442688,-0.1287558376789093,0.28459683060646057,0.7651124000549316,-0.10506224632263184,0.2541247308254242,0.7338409423828125,-0.08788499236106873,Q
0.7822074890136719,0.5959497094154358,3.688012384372996e-07,0.7331099510192871,0.4930558204650879,-0.029495975002646446,0.6285949945449829,0.44649702310562134,-0.052535731345415115,0.5431292653083801,0.4591731131076813,-0.06473958492279053,0.4856938123703003,0.4805624186992645,-0.07681936025619507,0.6547845602035522,0.4901658594608307,-0.10926318168640137,0.5312958359718323,0.519497275352478,-0.1389285773038864,0.4754105508327484,0.516929566860199,-0.14437097311019897,0.4446035623550415,0.5177826285362244,-0.14415256679058075,0.6643043756484985,0.5912354588508606,-0.10478918254375458,0.5187423229217529,0.5916585922241211,-0.13509142398834229,0.5395273566246033,0.5514975190162659,-0.1270425021648407,0.5891549587249756,0.535668671131134,-0.11721952259540558,0.6718722581863403,0.6695821285247803,-0.09616107493638992,0.546568751335144,0.6488333940505981,-0.11477521806955338,0.5726022124290466,0.6129688620567322,-0.09012345969676971,0.6129723787307739,0.6047720909118652,-0.07199005037546158,0.6750699877738953,0.73136967420578,-0.08880269527435303,0.5749302506446838,0.6953980922698975,-0.09960289299488068,0.5984228253364563,0.6645923852920532,-0.08239230513572693,0.6308436989784241,0.6622054576873779,-0.06992292404174805,0.12898795306682587,0.6902438402175903,1.0803484684629439e-07,0.1987110674381256,0.6158856153488159,0.009958882816135883,0.2859651744365692,0.5841013193130493,-0.00819329358637333,0.3478911817073822,0.6111835241317749,-0.03154590725898743,0.382093608379364,0.650592029094696,-0.05506236106157303,0.30610191822052,0.5152730345726013,-0.04864564910531044,0.3924274444580078,0.49026262760162354,-0.08289429545402527,0.44647592306137085,0.48530110716819763,-0.10212152451276779,0.4870193600654602,0.4882360100746155,-0.11380428820848465,0.2861507833003998,0.5600685477256775,-0.0748121440410614,0.382564902305603,0.6767662763595581,-0.10925806313753128,0.3462468981742859,0.6872456669807434,-0.10669556260108948,0.31331300735473633,0.6573152542114258,-0.10249976068735123,0.2613479495048523,0.624475359916687,-0.09865865111351013,0.3477984070777893,0.7368976473808289,-0.12497889995574951,0.3085252046585083,0.7294970750808716,-0.10641584545373917,0.28140783309936523,0.6951931715011597,-0.09194465726613998,0.23593616485595703,0.6940547823905945,-0.12189219892024994,0.3133581876754761,0.7737403512001038,-0.12699183821678162,0.28493642807006836,0.7650874257087708,-0.10346279293298721,0.2543724775314331,0.7340035438537598,-0.08650653809309006,Q
0.7825474143028259,0.5960902571678162,3.3827123502305767e-07,0.7316285371780396,0.49464911222457886,-0.029032938182353973,0.6245698928833008,0.45027080178260803,-0.0515008345246315,0.5361961722373962,0.46314746141433716,-0.06344380974769592,0.47740238904953003,0.4873362183570862,-0.07562291622161865,0.6543611288070679,0.48803746700286865,-0.1049189567565918,0.5360643863677979,0.5186600685119629,-0.13458280265331268,0.4802095293998718,0.5186179280281067,-0.14142391085624695,0.4483112692832947,0.5220229029655457,-0.14254117012023926,0.6644322276115417,0.5885249972343445,-0.10135509818792343,0.5195804238319397,0.5933058857917786,-0.13237206637859344,0.5405617356300354,0.5559121370315552,-0.12642307579517365,0.5907558798789978,0.5420511960983276,-0.11797139793634415,0.6726943850517273,0.6681538820266724,-0.09370584040880203,0.5466480851173401,0.6532549262046814,-0.11407094448804855,0.572185754776001,0.6183165311813354,-0.09059836715459824,0.6135769486427307,0.6097155213356018,-0.07265934348106384,0.676371693611145,0.7316567897796631,-0.08713166415691376,0.5744977593421936,0.70196932554245,-0.09907158464193344,0.5981011390686035,0.6710371375083923,-0.08162440359592438,0.6323779821395874,0.6672435998916626,-0.06867264956235886,0.12656746804714203,0.6925556659698486,9.599953898487001e-08,0.1985069215297699,0.6176095604896545,0.009573379531502724,0.288286954164505,0.5862600803375244,-0.00847188662737608,0.3496077358722687,0.6164312958717346,-0.03201598674058914,0.38104042410850525,0.6591806411743164,-0.05581418797373772,0.305378258228302,0.5153418183326721,-0.04475795850157738,0.3884319067001343,0.49421513080596924,-0.07627375423908234,0.4391959607601166,0.4876564145088196,-0.09430355578660965,0.478304922580719,0.4882529377937317,-0.10622389614582062,0.28501588106155396,0.561486005783081,-0.07122835516929626,0.38129571080207825,0.6768877506256104,-0.10581003874540329,0.34395143389701843,0.6870500445365906,-0.10469911992549896,0.3104212284088135,0.6577892303466797,-0.10133309662342072,0.25993433594703674,0.6271909475326538,-0.09531710296869278,0.347261518239975,0.7377799153327942,-0.121221162378788,0.3078634738922119,0.7303687334060669,-0.10301683843135834,0.28009113669395447,0.6968982219696045,-0.08869869261980057,0.23382335901260376,0.6971346139907837,-0.11900702863931656,0.3131301999092102,0.7749621868133545,-0.12425830215215683,0.28488102555274963,0.7659621834754944,-0.10139334201812744,0.25446367263793945,0.7362370491027832,-0.08493370562791824,Q
0.7823623418807983,0.597234845161438,3.381867657026305e-07,0.732024610042572,0.49345913529396057,-0.028114141896367073,0.6252179145812988,0.44866615533828735,-0.049754004925489426,0.5382755398750305,0.463910847902298,-0.061525918543338776,0.4784870743751526,0.48477739095687866,-0.07345924526453018,0.6533448100090027,0.4888180196285248,-0.1011820137500763,0.5324164628982544,0.5245211124420166,-0.13037420809268951,0.47655215859413147,0.5232224464416504,-0.1371597796678543,0.4471949338912964,0.5234758853912354,-0.13785691559314728,0.6640830039978027,0.5891187191009521,-0.09808220714330673,0.5195013284683228,0.5952968001365662,-0.12908856570720673,0.539430558681488,0.5573360919952393,-0.1242280825972557,0.5904848575592041,0.5428047180175781,-0.1162356585264206,0.6726840734481812,0.6681399941444397,-0.09107378870248795,0.5462019443511963,0.6534999012947083,-0.11143337935209274,0.570799708366394,0.6188026666641235,-0.08925797045230865,0.6123167276382446,0.6099067330360413,-0.07198324054479599,0.6762286424636841,0.7313542366027832,-0.08508893847465515,0.5736160278320312,0.7013150453567505,-0.09720429033041,0.5965849757194519,0.6706921458244324,-0.08055244386196136,0.6309978365898132,0.6662892699241638,-0.06796545535326004,0.12840630114078522,0.6924144625663757,1.151039725755254e-07,0.19954466819763184,0.619631290435791,0.008466332219541073,0.2868160605430603,0.5832269787788391,-0.009135346859693527,0.34610551595687866,0.60495525598526,-0.03219226375222206,0.37763139605522156,0.6413866877555847,-0.055264730006456375,0.3057936131954193,0.5144163370132446,-0.04212889075279236,0.3882588744163513,0.49317604303359985,-0.07420386373996735,0.43875133991241455,0.4867781400680542,-0.0924106240272522,0.47720396518707275,0.4887050986289978,-0.1040310189127922,0.28579181432724,0.5587156414985657,-0.067716583609581,0.38453492522239685,0.6794703602790833,-0.1034010499715805,0.3459276258945465,0.6880831122398376,-0.10244021564722061,0.31110942363739014,0.656258761882782,-0.09822696447372437,0.2605274021625519,0.6232246160507202,-0.09132760763168335,0.34892964363098145,0.7380821704864502,-0.11844371259212494,0.3083725869655609,0.7290856838226318,-0.10092883557081223,0.28024986386299133,0.6932135820388794,-0.08637423813343048,0.2338419109582901,0.6930873394012451,-0.11455784738063812,0.31290754675865173,0.7742868661880493,-0.12162048369646072,0.2838999629020691,0.7644645571708679,-0.09991711378097534,0.2536996304988861,0.7323121428489685,-0.08364038914442062,Q
0.7829213738441467,0.596307098865509,3.610880980886577e-07,0.7322934865951538,0.49415820837020874,-0.028654906898736954,0.6285650730133057,0.44669270515441895,-0.05056837946176529,0.5439841151237488,0.45969724655151367,-0.06247396767139435,0.4859601855278015,0.4858722388744354,-0.0742868185043335,0.6529821157455444,0.4928569495677948,-0.09995990991592407,0.5335811972618103,0.5251485705375671,-0.12837636470794678,0.4767909049987793,0.5245212316513062,-0.1352873295545578,0.44637033343315125,0.5261120796203613,-0.13627851009368896,0.6635541319847107,0.5920839905738831,-0.09653789550065994,0.5189774036407471,0.5960771441459656,-0.1268163025379181,0.5375192165374756,0.5577015280723572,-0.1223636046051979,0.5882065892219543,0.5429165959358215,-0.11464649438858032,0.6723180413246155,0.6699793934822083,-0.08925167471170425,0.5463745594024658,0.6547415256500244,-0.10903843492269516,0.5695587992668152,0.6189293265342712,-0.08744633197784424,0.6106631755828857,0.6098037958145142,-0.07062764465808868,0.6761617064476013,0.7315628528594971,-0.08312632888555527,0.5748341083526611,0.7008891701698303,-0.09538967162370682,0.5963966846466064,0.6692541241645813,-0.07937145978212357,0.6301504373550415,0.6645983457565308,-0.0671282410621643,0.1287669986486435,0.6902862191200256,1.161077562983337e-07,0.20046254992485046,0.6198059320449829,0.008681345731019974,0.2893579304218292,0.5889954566955566,-0.009437414817512035,0.3504225015640259,0.617381751537323,-0.03291045129299164,0.38114133477211,0.6598315834999084,-0.05656862631440163,0.305764377117157,0.5161102414131165,-0.04391700401902199,0.38969433307647705,0.4954620599746704,-0.07588182389736176,0.43991321325302124,0.49011075496673584,-0.09448938816785812,0.47871822118759155,0.49134406447410583,-0.1068338081240654,0.2856714427471161,0.5617648363113403,-0.07042897492647171,0.38365715742111206,0.6791922450065613,-0.10551177710294724,0.34613680839538574,0.6895878314971924,-0.10513120144605637,0.312488317489624,0.6600976586341858,-0.10226165503263474,0.2603077292442322,0.6269475221633911,-0.09472662210464478,0.34845229983329773,0.7397474646568298,-0.12102212756872177,0.30832141637802124,0.7317829132080078,-0.10309727489948273,0.2811521887779236,0.6973550319671631,-0.08909440040588379,0.2340560108423233,0.6966007351875305,-0.1187174990773201,0.3131962716579437,0.7754981517791748,-0.12487493455410004,0.28385889530181885,0.766165554523468,-0.10213254392147064,0.25345954298973083,0.7352363467216492,-0.08577056974172592,Q
0.7803685665130615,0.596542239189148,3.717044592121965e-07,0.7291054129600525,0.49486780166625977,-0.0290683601051569,0.6255924701690674,0.44825589656829834,-0.051603421568870544,0.5406442880630493,0.4608340263366699,-0.0636628046631813,0.4823773503303528,0.48284757137298584,-0.07547686994075775,0.6504965424537659,0.4905739426612854,-0.10525074601173401,0.5297211408615112,0.5230684280395508,-0.13416601717472076,0.4744341969490051,0.5223047137260437,-0.13971392810344696,0.44504427909851074,0.5232626795768738,-0.13944728672504425,0.6601859331130981,0.5907876491546631,-0.10082939267158508,0.5173825025558472,0.5963267087936401,-0.13009467720985413,0.5353516936302185,0.5581340193748474,-0.12269061803817749,0.5835639834403992,0.541964054107666,-0.11343342065811157,0.6678218841552734,0.669162392616272,-0.09250559657812119,0.5445016622543335,0.6503141522407532,-0.11109082400798798,0.5678755044937134,0.6154645681381226,-0.08811146020889282,0.6068655848503113,0.6066922545433044,-0.07089750468730927,0.6708724498748779,0.7314208149909973,-0.08535686135292053,0.5737938284873962,0.6954662799835205,-0.09641177952289581,0.5956374406814575,0.664474368095398,-0.08027143031358719,0.6270402073860168,0.6609581708908081,-0.06825873255729675,0.12767362594604492,0.688032865524292,1.2439986107892764e-07,0.1985054910182953,0.6167128086090088,0.007552016992121935,0.2879728674888611,0.5861445069313049,-0.01104679610580206,0.3495093286037445,0.6152710914611816,-0.03469380736351013,0.37961921095848083,0.6570949554443359,-0.0583517886698246,0.30487650632858276,0.5156080722808838,-0.04556526988744736,0.3884527087211609,0.49228256940841675,-0.07864706218242645,0.4406733512878418,0.4882006049156189,-0.09771473705768585,0.48002296686172485,0.4930424690246582,-0.10974400490522385,0.28391385078430176,0.5617926716804504,-0.07095398753881454,0.38103488087654114,0.6788089275360107,-0.10694842040538788,0.34329020977020264,0.688160240650177,-0.10638349503278732,0.3097268342971802,0.6583796739578247,-0.10278460383415222,0.25842171907424927,0.62675940990448,-0.09426657855510712,0.3469383120536804,0.7387112975120544,-0.12145544588565826,0.30645322799682617,0.7294531464576721,-0.10361512005329132,0.27884817123413086,0.6945277452468872,-0.0890095978975296,0.232323557138443,0.6962268948554993,-0.11724156886339188,0.31251052021980286,0.7750712633132935,-0.123705193400383,0.283597469329834,0.765038251876831,-0.1009715124964714,0.2535199522972107,0.7335085272789001,-0.08414185792207718,Q
0.7811148166656494,0.5997487306594849,3.7375104966486106e-07,0.7321021556854248,0.4963741600513458,-0.029946032911539078,0.628751814365387,0.4481988549232483,-0.05327346548438072,0.5426625609397888,0.45991581678390503,-0.06589760631322861,0.4845455288887024,0.4852805435657501,-0.07848688960075378,0.6531298160552979,0.49260833859443665,-0.1071901023387909,0.5320467948913574,0.5233860611915588,-0.13717500865459442,0.4741153120994568,0.5216777324676514,-0.1439434140920639,0.44169360399246216,0.5229018330574036,-0.1448691487312317,0.661861777305603,0.59334397315979,-0.10316698998212814,0.5171800851821899,0.5957483649253845,-0.13418704271316528,0.5373112559318542,0.5564857125282288,-0.12772929668426514,0.5872790813446045,0.541814923286438,-0.1188572347164154,0.6693666577339172,0.6718660593032837,-0.09513252973556519,0.5439044237136841,0.6530494093894958,-0.11483664065599442,0.5683492422103882,0.6167976260185242,-0.09117329120635986,0.6083932518959045,0.6087018251419067,-0.07332539558410645,0.6727676391601562,0.7334365844726562,-0.0883479043841362,0.5722991228103638,0.699426531791687,-0.09982268512248993,0.5946649312973022,0.6675233840942383,-0.08254984766244888,0.6273404359817505,0.6646348237991333,-0.06975465267896652,0.12736287713050842,0.690710186958313,1.2925306691613514e-07,0.19793611764907837,0.6181244850158691,0.007594132795929909,0.2876240313053131,0.5873576402664185,-0.011198028922080994,0.3493683338165283,0.6160872578620911,-0.0349130816757679,0.3795608580112457,0.6561567783355713,-0.05878293514251709,0.3045637905597687,0.5156583189964294,-0.046757347881793976,0.3892728388309479,0.4942770004272461,-0.07988455891609192,0.44188278913497925,0.4895859956741333,-0.0991496741771698,0.48179927468299866,0.4925370216369629,-0.11144951730966568,0.2836475074291229,0.562453031539917,-0.07220961153507233,0.38087525963783264,0.67992103099823,-0.10804286599159241,0.34314489364624023,0.6895460486412048,-0.10730963945388794,0.30959638953208923,0.6596154570579529,-0.1038229912519455,0.2580808401107788,0.6280360221862793,-0.09543150663375854,0.3467904031276703,0.7392945885658264,-0.12230715155601501,0.30645105242729187,0.7304807901382446,-0.10380253940820694,0.278656005859375,0.6959622502326965,-0.08896508812904358,0.2319733202457428,0.6974497437477112,-0.1183268204331398,0.31199219822883606,0.7751719951629639,-0.12450532615184784,0.2829675078392029,0.765245258808136,-0.10121665149927139,0.2527545392513275,0.7340946197509766,-0.08413854241371155,Q
0.7805517911911011,0.5970429182052612,3.725071735516394e-07,0.7305982112884521,0.4941088557243347,-0.029318852350115776,0.6266961693763733,0.44709497690200806,-0.05250652879476547,0.5409883856773376,0.46021562814712524,-0.06531187146902084,0.4825577735900879,0.4853394329547882,-0.07801233232021332,0.652697741985321,0.49266141653060913,-0.1063847541809082,0.5295645594596863,0.5250047445297241,-0.1364748626947403,0.47257208824157715,0.5220697522163391,-0.14306996762752533,0.4420974850654602,0.5215510725975037,-0.14353221654891968,0.6624372601509094,0.593391478061676,-0.1026131734251976,0.5170009136199951,0.5967440605163574,-0.13326145708560944,0.5366536974906921,0.5578904747962952,-0.1266353577375412,0.5868070125579834,0.5431385636329651,-0.11776562035083771,0.6704304218292236,0.6716788411140442,-0.09487368911504745,0.5441055297851562,0.6534631848335266,-0.11428587138652802,0.5681520104408264,0.6179629564285278,-0.09056422114372253,0.6084474325180054,0.6098669171333313,-0.07277588546276093,0.6738246083259583,0.733385443687439,-0.08834494650363922,0.5720155239105225,0.7001122236251831,-0.09952309727668762,0.594473659992218,0.6687886118888855,-0.08203907310962677,0.6277365684509277,0.6657601594924927,-0.06915780901908875,0.12742528319358826,0.6905921697616577,1.3100435580781777e-07,0.19856882095336914,0.6184192895889282,0.007491482887417078,0.28847476840019226,0.588228702545166,-0.011867736466228962,0.3506144881248474,0.6175299286842346,-0.03624787554144859,0.3800194561481476,0.6579890251159668,-0.06077063828706741,0.3042325973510742,0.515252411365509,-0.047389641404151917,0.3896119296550751,0.4940316677093506,-0.0806245282292366,0.442091703414917,0.48874205350875854,-0.09987358748912811,0.48207685351371765,0.4910317659378052,-0.11226428300142288,0.2832023799419403,0.5620730519294739,-0.07314706593751907,0.38070589303970337,0.6787146329879761,-0.10915315896272659,0.34306374192237854,0.6891139149665833,-0.10835494846105576,0.30995142459869385,0.6601735949516296,-0.10495909303426743,0.25769394636154175,0.6279732584953308,-0.09666645526885986,0.34670665860176086,0.7389410734176636,-0.12367911636829376,0.3063136637210846,0.7304138541221619,-0.10508373379707336,0.2786836624145508,0.6963937282562256,-0.09031487256288528,0.23198527097702026,0.6979844570159912,-0.11991087347269058,0.3125959038734436,0.7755837440490723,-0.1262030452489853,0.2835701107978821,0.7657846808433533,-0.10294793546199799,0.2531326711177826,0.7350984811782837,-0.08600959181785583,Q
0.7800043821334839,0.6010701060295105,3.8118130873954215e-07,0.7310211062431335,0.495781809091568,-0.029695404693484306,0.6272737979888916,0.44770336151123047,-0.053708139806985855,0.5407456755638123,0.4600493311882019,-0.06719662249088287,0.483712762594223,0.4862290024757385,-0.08036129921674728,0.6535674333572388,0.4967138171195984,-0.10760858654975891,0.5296769738197327,0.5247368812561035,-0.13902497291564941,0.47360777854919434,0.5203350782394409,-0.14641954004764557,0.4455808997154236,0.5200685262680054,-0.14703162014484406,0.6620016098022461,0.5976381897926331,-0.10337112843990326,0.5169297456741333,0.5947173237800598,-0.13485777378082275,0.5365936160087585,0.5543271899223328,-0.12841302156448364,0.5869242548942566,0.5408245325088501,-0.11938584595918655,0.6690680384635925,0.6750560998916626,-0.09516594558954239,0.5438700914382935,0.6514162421226501,-0.11426148563623428,0.5676588416099548,0.6141534447669983,-0.09033042937517166,0.6078929901123047,0.606914222240448,-0.07243579626083374,0.6722036600112915,0.735038697719574,-0.08822993189096451,0.5723230242729187,0.6978321075439453,-0.09845413267612457,0.594135582447052,0.6655315160751343,-0.08081600815057755,0.6267930865287781,0.6634193658828735,-0.06793297082185745,0.12703555822372437,0.6910540461540222,1.4124245240054734e-07,0.1962643265724182,0.6170969605445862,0.007282722275704145,0.28483015298843384,0.5847922563552856,-0.01207377202808857,0.34733521938323975,0.612671971321106,-0.03625959903001785,0.3788232207298279,0.652824878692627,-0.06061623618006706,0.30400705337524414,0.5154837369918823,-0.0491693951189518,0.39089006185531616,0.49299877882003784,-0.08315259963274002,0.4447651505470276,0.4885525703430176,-0.10251326858997345,0.4858567714691162,0.49204325675964355,-0.11467945575714111,0.2839488983154297,0.5621963739395142,-0.07446102052927017,0.3814503252506256,0.6787875890731812,-0.11019302159547806,0.343978613615036,0.6882094740867615,-0.10879842191934586,0.3109632134437561,0.6582602858543396,-0.10507278889417648,0.2591463625431061,0.6278232336044312,-0.09752858430147171,0.34702470898628235,0.7389256954193115,-0.12415149807929993,0.30668458342552185,0.7299741506576538,-0.10541530698537827,0.2792477309703827,0.6953144073486328,-0.09068576246500015,0.23359836637973785,0.6973669528961182,-0.12031799554824829,0.3127957880496979,0.7755401134490967,-0.12634558975696564,0.283554345369339,0.7656148672103882,-0.10310332477092743,0.25319111347198486,0.7340550422668457,-0.08610548824071884,Q
0.7810796499252319,0.6013654470443726,3.711366503011959e-07,0.7320384979248047,0.49586865305900574,-0.029730359092354774,0.6278772950172424,0.44787418842315674,-0.05321025848388672,0.5414878726005554,0.4602808356285095,-0.06619440019130707,0.48296529054641724,0.48287856578826904,-0.078888438642025,0.653584361076355,0.4957900047302246,-0.10647821426391602,0.5312803983688354,0.5236913561820984,-0.13747277855873108,0.4741757810115814,0.5198485255241394,-0.14473217725753784,0.4440295696258545,0.5208189487457275,-0.14545831084251404,0.662326455116272,0.5967865586280823,-0.1022181510925293,0.5170980095863342,0.5946680307388306,-0.13343676924705505,0.5374017953872681,0.5542348623275757,-0.126963809132576,0.5876628160476685,0.5408746600151062,-0.11796833574771881,0.6696390509605408,0.6742106676101685,-0.09405604749917984,0.543804407119751,0.6513124704360962,-0.11332765221595764,0.5680670142173767,0.6145758628845215,-0.08929388225078583,0.6083554029464722,0.6076093912124634,-0.07129659503698349,0.6728400588035583,0.7347091436386108,-0.0871865451335907,0.5720648765563965,0.6978741884231567,-0.09798485785722733,0.5945004224777222,0.665829062461853,-0.08050189912319183,0.6275253295898438,0.6637449860572815,-0.06766171753406525,0.12660370767116547,0.693351149559021,1.3328205739071564e-07,0.1948215365409851,0.6179752349853516,0.00722984503954649,0.282833993434906,0.5848363637924194,-0.012034366838634014,0.34556639194488525,0.6122451424598694,-0.035905297845602036,0.37917661666870117,0.6523853540420532,-0.059942182153463364,0.3033938407897949,0.5160201787948608,-0.05114045739173889,0.3919142782688141,0.49320343136787415,-0.08553940057754517,0.4466657042503357,0.4885179400444031,-0.10503637790679932,0.48852261900901794,0.4908699095249176,-0.11727818101644516,0.28312358260154724,0.5624858736991882,-0.07632788270711899,0.3813830018043518,0.6781918406486511,-0.11171061545610428,0.3442279100418091,0.688417911529541,-0.10988731682300568,0.3111375868320465,0.6583409905433655,-0.10624603182077408,0.25847160816192627,0.6279770731925964,-0.09925314784049988,0.3472565710544586,0.7385395765304565,-0.12561160326004028,0.3070148229598999,0.7303966283798218,-0.10663115978240967,0.2792879343032837,0.6956109404563904,-0.0920371264219284,0.23307789862155914,0.6978692412376404,-0.12188834697008133,0.31291642785072327,0.775540828704834,-0.1275554746389389,0.28389477729797363,0.7663437724113464,-0.10412828624248505,0.25310659408569336,0.7349570989608765,-0.08721128851175308,Q
0.7802467346191406,0.5969657897949219,3.6219691423866607e-07,0.7297784090042114,0.4936109483242035,-0.02837606891989708,0.625198483467102,0.44809043407440186,-0.05150129646062851,0.5400378704071045,0.4620829224586487,-0.06456579267978668,0.4831179976463318,0.48703110218048096,-0.07733343541622162,0.6522791981697083,0.49355724453926086,-0.10577475279569626,0.5278493165969849,0.5256579518318176,-0.13648374378681183,0.4756085276603699,0.5215626955032349,-0.1432591676712036,0.4508584439754486,0.5201249718666077,-0.1434142291545868,0.6621943116188049,0.594095766544342,-0.10216844081878662,0.5170823335647583,0.5963746905326843,-0.13295641541481018,0.5367952585220337,0.5564315915107727,-0.12634649872779846,0.5870445966720581,0.5411472320556641,-0.11746588349342346,0.6699241995811462,0.6719056367874146,-0.09468518197536469,0.5436263680458069,0.6515882611274719,-0.11341044306755066,0.56744384765625,0.6154457926750183,-0.0899692177772522,0.6077132225036621,0.607222318649292,-0.07252922654151917,0.6727505326271057,0.7331721186637878,-0.08839032799005508,0.5721718668937683,0.6982510089874268,-0.09883897006511688,0.5943683385848999,0.666706383228302,-0.08185693621635437,0.6270777583122253,0.6637632250785828,-0.06947892904281616,0.12586669623851776,0.6909079551696777,1.158598976758185e-07,0.19619911909103394,0.6170504093170166,0.008314247243106365,0.28436610102653503,0.5854375958442688,-0.010515893809497356,0.3464970886707306,0.613632321357727,-0.03443056344985962,0.3791690766811371,0.6538540720939636,-0.058457184582948685,0.30419617891311646,0.5152097940444946,-0.04822402074933052,0.3907822370529175,0.49077746272087097,-0.08203744888305664,0.4450415372848511,0.48858729004859924,-0.10132618248462677,0.48541757464408875,0.49440521001815796,-0.11327292770147324,0.2840096056461334,0.5616894960403442,-0.07397092133760452,0.3795076608657837,0.6783846020698547,-0.10847157984972,0.3425051271915436,0.6886874437332153,-0.10708491504192352,0.3100392520427704,0.657734215259552,-0.10382174700498581,0.25914427638053894,0.6274827718734741,-0.09750927239656448,0.3458183705806732,0.7398439645767212,-0.12344588339328766,0.3059885501861572,0.7315527200698853,-0.10544536262750626,0.2789241373538971,0.6960126161575317,-0.09155835956335068,0.23358282446861267,0.697460412979126,-0.12067163735628128,0.3120588958263397,0.7770971059799194,-0.12619780004024506,0.2835105061531067,0.7679430246353149,-0.10317941009998322,0.2528396546840668,0.7362574934959412,-0.08642655611038208,Q
0.7808578014373779,0.5959639549255371,3.849920915399707e-07,0.7311971783638,0.49284377694129944,-0.029693374410271645,0.6282714605331421,0.4456704556941986,-0.05270254984498024,0.5436383485794067,0.4593346118927002,-0.06497844308614731,0.48635315895080566,0.48185670375823975,-0.07720652222633362,0.6504082083702087,0.4902692139148712,-0.10608607530593872,0.530906081199646,0.5209954380989075,-0.13541916012763977,0.47241827845573425,0.5181776285171509,-0.1419336199760437,0.43876683712005615,0.5190562605857849,-0.14261281490325928,0.6608327031135559,0.5915514230728149,-0.10153275728225708,0.5166729688644409,0.5939344167709351,-0.13133178651332855,0.5364385843276978,0.5539250373840332,-0.12449648231267929,0.5860530138015747,0.5384095311164856,-0.11544169485569,0.6693527102470398,0.6695454120635986,-0.09291179478168488,0.5441317558288574,0.6497406959533691,-0.11146613210439682,0.5680128335952759,0.614284336566925,-0.08777499943971634,0.6081089377403259,0.6066207885742188,-0.07010386884212494,0.673389732837677,0.7316430807113647,-0.08556167036294937,0.5730529427528381,0.6975736618041992,-0.09640955179929733,0.5956143736839294,0.6665737628936768,-0.07921457290649414,0.6283904314041138,0.6637879014015198,-0.06650322675704956,0.12621107697486877,0.6944926977157593,1.1671186683770429e-07,0.19739821553230286,0.6197445392608643,0.009475620463490486,0.28611132502555847,0.5868144631385803,-0.009489019401371479,0.3479900062084198,0.6131436824798584,-0.033697184175252914,0.3795732259750366,0.6524326205253601,-0.058086685836315155,0.30393004417419434,0.5169253945350647,-0.04891849309206009,0.3891628682613373,0.4925052523612976,-0.08236109465360641,0.44201087951660156,0.488231897354126,-0.10031186044216156,0.4805065393447876,0.49224990606307983,-0.11114956438541412,0.28306305408477783,0.5624375939369202,-0.07522471994161606,0.38230130076408386,0.6787038445472717,-0.10964856296777725,0.3456725478172302,0.6892999410629272,-0.10638203471899033,0.3121994733810425,0.6590255498886108,-0.10138897597789764,0.25781428813934326,0.6270237565040588,-0.09923733025789261,0.34694674611091614,0.7393220067024231,-0.12529821693897247,0.30776962637901306,0.7317823171615601,-0.10639771074056625,0.28034210205078125,0.6968227028846741,-0.09165561944246292,0.231938898563385,0.6965318918228149,-0.12268666923046112,0.31192299723625183,0.776203989982605,-0.12764635682106018,0.28414541482925415,0.7671399712562561,-0.1041581779718399,0.2535097002983093,0.7354148626327515,-0.08728641271591187,Q
0.7828412055969238,0.5953421592712402,3.3890381700985017e-07,0.733319103717804,0.4923272132873535,-0.029930897057056427,0.628998339176178,0.4471336603164673,-0.05381891876459122,0.5420935153961182,0.45935580134391785,-0.06690224260091782,0.48382821679115295,0.48519834876060486,-0.08021681755781174,0.6548616290092468,0.48726794123649597,-0.10981934517621994,0.5339853763580322,0.516836941242218,-0.14065894484519958,0.4772016406059265,0.5191830396652222,-0.1477481871843338,0.44481217861175537,0.5267467498779297,-0.14894843101501465,0.6638150811195374,0.5876588225364685,-0.10616786777973175,0.5193188786506653,0.5930559039115906,-0.1368730068206787,0.539114236831665,0.5541536211967468,-0.12986527383327484,0.5882272720336914,0.5399013161659241,-0.12123758345842361,0.6715465784072876,0.6670369505882263,-0.09847324341535568,0.5449761748313904,0.6499512791633606,-0.1179184541106224,0.569474995136261,0.6135231256484985,-0.09378967434167862,0.6094391345977783,0.6053920984268188,-0.07608124613761902,0.6749348640441895,0.7300224304199219,-0.0920451208949089,0.5734015107154846,0.6979334354400635,-0.10360134392976761,0.5958409309387207,0.6654611825942993,-0.08628052473068237,0.6287866234779358,0.662346363067627,-0.07374678552150726,0.12617367506027222,0.6903572678565979,1.2993830011964747e-07,0.19949787855148315,0.6197869181632996,0.007867167703807354,0.28853586316108704,0.5880604386329651,-0.011469254270195961,0.3496587872505188,0.6140587329864502,-0.03611866757273674,0.3790178894996643,0.6531736254692078,-0.06091262027621269,0.3051195740699768,0.5153657793998718,-0.04604531452059746,0.39053040742874146,0.4935644268989563,-0.0797494575381279,0.4437587857246399,0.4888227880001068,-0.099161297082901,0.48397189378738403,0.4914845824241638,-0.11145902425050735,0.2847300171852112,0.5609887838363647,-0.07201598584651947,0.3815040588378906,0.678646445274353,-0.10802381485700607,0.3437982201576233,0.6886677742004395,-0.10713252425193787,0.31045031547546387,0.658013641834259,-0.10353754460811615,0.2593688368797302,0.6258262991905212,-0.0959353819489479,0.34707000851631165,0.7385485768318176,-0.12346768379211426,0.30695605278015137,0.7306845188140869,-0.10570396482944489,0.2797415256500244,0.6954357624053955,-0.09134653210639954,0.2335018515586853,0.695417046546936,-0.11953103542327881,0.3123732805252075,0.7748966217041016,-0.12625446915626526,0.28388649225234985,0.7659410834312439,-0.10364852100610733,0.25369784235954285,0.7344573140144348,-0.08700831234455109,Q
0.7820902466773987,0.5947861671447754,3.5535603615244327e-07,0.7317381501197815,0.4910428524017334,-0.028071442618966103,0.6293370127677917,0.44478556513786316,-0.05073051154613495,0.545202910900116,0.4565064013004303,-0.06331917643547058,0.4865323603153229,0.48134905099868774,-0.0761256292462349,0.6524808406829834,0.48670831322669983,-0.10462408512830734,0.5316098928451538,0.5211426019668579,-0.13381831347942352,0.4747809171676636,0.5216806530952454,-0.14034710824489594,0.44426727294921875,0.5250491499900818,-0.14087450504302979,0.6625789403915405,0.5869278907775879,-0.10137921571731567,0.5191535949707031,0.596256673336029,-0.1304793655872345,0.5371211171150208,0.5571233034133911,-0.1239316388964653,0.5865504741668701,0.541010856628418,-0.11556869000196457,0.6710008382797241,0.6661999225616455,-0.09412319213151932,0.5451530814170837,0.6516392230987549,-0.11273718625307083,0.5682466626167297,0.6153776049613953,-0.08978565782308578,0.6083686351776123,0.6061695218086243,-0.07277321070432663,0.6747009754180908,0.7290431261062622,-0.08794061839580536,0.5733879804611206,0.6985297799110413,-0.09924831986427307,0.5949994325637817,0.666231632232666,-0.08233442157506943,0.6281887888908386,0.6620394587516785,-0.06983212381601334,0.1266522854566574,0.6929921507835388,1.1762477925003623e-07,0.1990000605583191,0.6195158958435059,0.009696390479803085,0.2878764867782593,0.5869966149330139,-0.009524725377559662,0.34920257329940796,0.6128617525100708,-0.03411414474248886,0.3792094886302948,0.6516120433807373,-0.05898900330066681,0.30418309569358826,0.5163475871086121,-0.04812178015708923,0.38859689235687256,0.4924480617046356,-0.08176988363265991,0.4405040740966797,0.4868096113204956,-0.10051155090332031,0.47964388132095337,0.48943954706192017,-0.11214707046747208,0.2835184633731842,0.5621858835220337,-0.07479482889175415,0.38196465373039246,0.6782496571540833,-0.11019057780504227,0.34446293115615845,0.6886193752288818,-0.1078609898686409,0.3109480142593384,0.6589049696922302,-0.10331524163484573,0.25836390256881714,0.6270606517791748,-0.09909277409315109,0.3474597930908203,0.7385152578353882,-0.12555652856826782,0.3076581358909607,0.730776309967041,-0.1065232902765274,0.280100554227829,0.6963319182395935,-0.0915418341755867,0.23274162411689758,0.6966041922569275,-0.1228494867682457,0.3128679096698761,0.7751586437225342,-0.12827329337596893,0.28459009528160095,0.7661417126655579,-0.10466811805963516,0.2542859613895416,0.7351199984550476,-0.08757929503917694,Q
0.7832173109054565,0.5938335657119751,3.3163647117362416e-07,0.732445478439331,0.49316805601119995,-0.024378379806876183,0.6313333511352539,0.4445963501930237,-0.04518244042992592,0.5482840538024902,0.45442062616348267,-0.057079579681158066,0.4909176230430603,0.4789668619632721,-0.06923018395900726,0.6516690850257874,0.48627370595932007,-0.09654749929904938,0.5322416424751282,0.5201106071472168,-0.12448678910732269,0.47582271695137024,0.5216862559318542,-0.13125459849834442,0.4460911750793457,0.5262517929077148,-0.13196757435798645,0.6617496609687805,0.5849201679229736,-0.09506219625473022,0.5195291042327881,0.5928366780281067,-0.12285123765468597,0.5368818044662476,0.555263876914978,-0.11708040535449982,0.5853897333145142,0.540773868560791,-0.10929542034864426,0.6707026958465576,0.6636988520622253,-0.08955777436494827,0.5457484126091003,0.6495429277420044,-0.10716702044010162,0.5680497288703918,0.6148220896720886,-0.08449825644493103,0.6080195903778076,0.6065474152565002,-0.06774816662073135,0.6754648685455322,0.7267971634864807,-0.08491510897874832,0.5744640827178955,0.6967871785163879,-0.09544779360294342,0.5957309007644653,0.6653793454170227,-0.07801593840122223,0.629306435585022,0.6617434024810791,-0.06506042927503586,0.12751463055610657,0.692672073841095,1.3138357246589294e-07,0.19935575127601624,0.6200933456420898,0.009047030471265316,0.2886371910572052,0.5873591899871826,-0.010064050555229187,0.3501339852809906,0.6136525869369507,-0.034724604338407516,0.37916243076324463,0.6536989808082581,-0.05967987701296806,0.3049267828464508,0.5148822665214539,-0.04577969014644623,0.38942742347717285,0.4922177195549011,-0.07924646884202957,0.4411010146141052,0.4874913692474365,-0.0983291044831276,0.479897677898407,0.49065375328063965,-0.1103997454047203,0.2842473089694977,0.5604165196418762,-0.07219907641410828,0.3824290931224823,0.6787479519844055,-0.10819128900766373,0.3446791470050812,0.6888155341148376,-0.10681594908237457,0.31114456057548523,0.6582360863685608,-0.10280882567167282,0.2588152587413788,0.6252005696296692,-0.09641743451356888,0.3474854826927185,0.7388092875480652,-0.1235031858086586,0.3069055378437042,0.7303891777992249,-0.10521965473890305,0.2794499695301056,0.6950924396514893,-0.09061016887426376,0.23305068910121918,0.694484531879425,-0.12020885944366455,0.31252768635749817,0.7751680612564087,-0.1265963613986969,0.283203125,0.7659479975700378,-0.10378807038068771,0.25312742590904236,0.7343665361404419,-0.08710161596536636,Q
0.781903862953186,0.5958728790283203,3.783477779961686e-07,0.7327660322189331,0.4924847185611725,-0.02909271977841854,0.6295799016952515,0.4439978003501892,-0.053579628467559814,0.5440235137939453,0.455285906791687,-0.0675286203622818,0.4832102656364441,0.4766959547996521,-0.08189956098794937,0.6530737280845642,0.4863041341304779,-0.10902932286262512,0.5294901132583618,0.5190436244010925,-0.13981884717941284,0.4713386297225952,0.5166502594947815,-0.1477644145488739,0.4402833878993988,0.5176629424095154,-0.14914679527282715,0.6634291410446167,0.587624192237854,-0.10565459728240967,0.5179576277732849,0.5889095067977905,-0.13544654846191406,0.5373326539993286,0.5502844452857971,-0.12888921797275543,0.5882686376571655,0.5373238921165466,-0.12073776125907898,0.6726878881454468,0.6673317551612854,-0.09803136438131332,0.545752227306366,0.6496177911758423,-0.11684621125459671,0.5706465244293213,0.6139740943908691,-0.09214208275079727,0.612556517124176,0.606473982334137,-0.07430398464202881,0.6777052879333496,0.7305256128311157,-0.09151750802993774,0.5752772092819214,0.6987439393997192,-0.10289028286933899,0.5983085036277771,0.666618824005127,-0.08422272652387619,0.632671058177948,0.6638599038124084,-0.07058270275592804,0.1300983875989914,0.6895672082901001,1.5015405097074108e-07,0.20248892903327942,0.6178205013275146,0.008154693059623241,0.29132020473480225,0.5885575413703918,-0.011824549175798893,0.3531128764152527,0.6179412603378296,-0.037183038890361786,0.3816000819206238,0.659576416015625,-0.06268048286437988,0.3060254156589508,0.5132400989532471,-0.04755202308297157,0.3924546539783478,0.4917978346347809,-0.08195536583662033,0.4456140398979187,0.48799699544906616,-0.10208206623792648,0.4862901568412781,0.4917583167552948,-0.11487507820129395,0.28554221987724304,0.5597468614578247,-0.07382062077522278,0.38188719749450684,0.6765894293785095,-0.11017100512981415,0.34465843439102173,0.6864396929740906,-0.10920460522174835,0.3122304081916809,0.6571854948997498,-0.10580146312713623,0.26016199588775635,0.6252415180206299,-0.09789751470088959,0.3480106294155121,0.7388418912887573,-0.125239759683609,0.30802783370018005,0.7300490736961365,-0.10680653899908066,0.28117674589157104,0.6956962943077087,-0.09223562479019165,0.2348390817642212,0.6948213577270508,-0.12171068042516708,0.31397560238838196,0.775619626045227,-0.12816394865512848,0.28539416193962097,0.7655489444732666,-0.10509882122278214,0.2553616166114807,0.7342661023139954,-0.08827395737171173,Q
0.7833501100540161,0.598487377166748,3.3763674878173333e-07,0.7346318960189819,0.49555703997612,-0.028130818158388138,0.6316285729408264,0.446738600730896,-0.0510178878903389,0.5459374785423279,0.4560807943344116,-0.06382845342159271,0.4860879182815552,0.4795389175415039,-0.07707729190587997,0.6531184911727905,0.4862392246723175,-0.10588833689689636,0.5286476612091064,0.5190131068229675,-0.13567644357681274,0.47327935695648193,0.5147091746330261,-0.14300237596035004,0.44428521394729614,0.5136866569519043,-0.144089937210083,0.6629176735877991,0.5862618684768677,-0.10242370516061783,0.5213505625724792,0.589672327041626,-0.13103806972503662,0.5409128665924072,0.5530639886856079,-0.12438362836837769,0.5906738042831421,0.5408595204353333,-0.11671934276819229,0.6720865964889526,0.6661707162857056,-0.09497959166765213,0.5474389791488647,0.6514371037483215,-0.11246559768915176,0.5716832280158997,0.6170098781585693,-0.08871500939130783,0.6129456758499146,0.6094416975975037,-0.07210921496152878,0.6769248843193054,0.7303780317306519,-0.08873653411865234,0.5765270590782166,0.7004469037055969,-0.09974924474954605,0.5988619923591614,0.6693568825721741,-0.08254553377628326,0.6325235366821289,0.6663511991500854,-0.07025447487831116,0.1289486438035965,0.6925963759422302,1.2115386027744535e-07,0.19904957711696625,0.6190786361694336,0.008623594418168068,0.28752434253692627,0.5867173075675964,-0.009854898788034916,0.349257230758667,0.6141411662101746,-0.03358669951558113,0.38058727979660034,0.6536298394203186,-0.05744987726211548,0.3071083724498749,0.5151540637016296,-0.04664722830057144,0.39072760939598083,0.4925423264503479,-0.07995611429214478,0.442535936832428,0.4877626895904541,-0.09850473701953888,0.48046207427978516,0.4910881519317627,-0.10985855758190155,0.28581592440605164,0.5607160329818726,-0.07231014221906662,0.38351017236709595,0.6793421506881714,-0.1073230728507042,0.3462422788143158,0.6888017654418945,-0.10526600480079651,0.3129212558269501,0.6580920219421387,-0.10084217041730881,0.26035287976264954,0.6253247261047363,-0.09584365040063858,0.3483530282974243,0.7402297258377075,-0.12248045951128006,0.30851322412490845,0.7317219972610474,-0.10443887114524841,0.2814179062843323,0.6969700455665588,-0.08990752696990967,0.23449736833572388,0.6941766142845154,-0.11893903464078903,0.3132822811603546,0.7766231298446655,-0.12441492080688477,0.28472602367401123,0.7670049667358398,-0.10147455334663391,0.2548713982105255,0.7356148362159729,-0.08468940109014511,Q
0.7830256223678589,0.596449613571167,3.7071751535222575e-07,0.7336325645446777,0.4934368133544922,-0.02865845337510109,0.6304676532745361,0.44690367579460144,-0.05237908288836479,0.5455127954483032,0.4577327370643616,-0.06617052853107452,0.4849948585033417,0.4767734408378601,-0.08073318749666214,0.6521771550178528,0.4850256145000458,-0.10223431140184402,0.5385900735855103,0.5162854194641113,-0.13268865644931793,0.4767899811267853,0.5161645412445068,-0.1424761265516281,0.43927323818206787,0.5207653045654297,-0.1460696905851364,0.6630026698112488,0.5856186151504517,-0.10040157288312912,0.5190380215644836,0.5896376371383667,-0.13270531594753265,0.5406307578086853,0.5523815155029297,-0.12910974025726318,0.5934997797012329,0.5406965613365173,-0.12201158702373505,0.6730043292045593,0.666124701499939,-0.09449063241481781,0.5475316047668457,0.6516540050506592,-0.11673401296138763,0.5730724334716797,0.6164602041244507,-0.09369419515132904,0.6158411502838135,0.6092541217803955,-0.07561259716749191,0.6789882779121399,0.7305329442024231,-0.08957411348819733,0.5760195255279541,0.7017837762832642,-0.10312339663505554,0.6001856327056885,0.6694270372390747,-0.08452428132295609,0.6362594962120056,0.6662428975105286,-0.07029184699058533,0.1289898008108139,0.6910196542739868,1.3183796454541152e-07,0.19982433319091797,0.618782639503479,0.007766681723296642,0.2888411283493042,0.5872913002967834,-0.011020495556294918,0.35022029280662537,0.6160741448402405,-0.03510333225131035,0.3805711269378662,0.6577164530754089,-0.05922149866819382,0.3073214590549469,0.5156121850013733,-0.04567200317978859,0.39103472232818604,0.4928531050682068,-0.07934287935495377,0.4432998597621918,0.4888284504413605,-0.0986790657043457,0.48174041509628296,0.49299702048301697,-0.1106458231806755,0.2868581712245941,0.561437726020813,-0.07120370119810104,0.3827621638774872,0.6792662143707275,-0.10676942765712738,0.34566041827201843,0.6888450980186462,-0.10584718734025955,0.3129742741584778,0.6581559181213379,-0.10221109539270401,0.2614181339740753,0.6262339353561401,-0.09473058581352234,0.34800297021865845,0.7402136921882629,-0.12191372364759445,0.3080267310142517,0.7315568923950195,-0.10447074472904205,0.2813486158847809,0.6962411999702454,-0.09026031941175461,0.23530831933021545,0.6950578093528748,-0.1179194226861,0.3137434124946594,0.7766825556755066,-0.12413027882575989,0.28526371717453003,0.7669751644134521,-0.10144993662834167,0.25545892119407654,0.7351433634757996,-0.08468108624219894,Q
0.7839502692222595,0.5949105024337769,3.384655258287239e-07,0.7347710728645325,0.49352508783340454,-0.02753106690943241,0.6317713856697083,0.4461209177970886,-0.05003565922379494,0.5476764440536499,0.4573265314102173,-0.0628543421626091,0.48751720786094666,0.47637808322906494,-0.07617104053497314,0.6521690487861633,0.48653584718704224,-0.10271168500185013,0.530717134475708,0.5198591351509094,-0.13242754340171814,0.4756741523742676,0.515064537525177,-0.14006629586219788,0.4467374086380005,0.5135930180549622,-0.14139896631240845,0.6631057858467102,0.586277961730957,-0.10018400102853775,0.5210950970649719,0.5904154777526855,-0.1297745257616043,0.5420733690261841,0.5538671612739563,-0.12400823831558228,0.5930613875389099,0.5420757532119751,-0.1163041740655899,0.6732941269874573,0.6659735441207886,-0.0937679186463356,0.5499921441078186,0.6520043015480042,-0.11288191378116608,0.5756452083587646,0.6183679103851318,-0.0894898921251297,0.6172534227371216,0.6119239926338196,-0.0723365768790245,0.6790347695350647,0.7304163575172424,-0.0883999839425087,0.5787535309791565,0.7018319964408875,-0.10004977136850357,0.6026337146759033,0.6716762185096741,-0.08219537138938904,0.6368077993392944,0.6694614887237549,-0.06909201294183731,0.1282707005739212,0.6925219297409058,1.2300839102863392e-07,0.19941399991512299,0.6198684573173523,0.009090904146432877,0.2888569235801697,0.5878819823265076,-0.009406348690390587,0.3510894775390625,0.615494430065155,-0.03326144069433212,0.3824051320552826,0.6555401086807251,-0.057212937623262405,0.3063478469848633,0.5163615942001343,-0.045044906437397,0.3896544575691223,0.49176669120788574,-0.07805027067661285,0.4417274594306946,0.4863045811653137,-0.09682639688253403,0.4810623526573181,0.4896147549152374,-0.10855420678853989,0.2864159345626831,0.5614703297615051,-0.07095378637313843,0.38393688201904297,0.6783429980278015,-0.10633833706378937,0.34618544578552246,0.6892517805099487,-0.10523401945829391,0.31325140595436096,0.659981369972229,-0.10131239891052246,0.2615549564361572,0.62628573179245,-0.0945998951792717,0.34926682710647583,0.7396121025085449,-0.12103243172168732,0.3089044392108917,0.7313283681869507,-0.10297521948814392,0.2817342281341553,0.6964956521987915,-0.0884452685713768,0.23574793338775635,0.6954964399337769,-0.11775770783424377,0.31473666429519653,0.776016354560852,-0.12324844300746918,0.28565606474876404,0.7666895985603333,-0.10021185874938965,0.2559633255004883,0.7351576089859009,-0.08333402127027512,Q
0.7850421667098999,0.59160315990448,3.390087499610672e-07,0.7353124618530273,0.4910389482975006,-0.026467183604836464,0.6344954967498779,0.44401317834854126,-0.04867992922663689,0.5516520738601685,0.45352664589881897,-0.061415042728185654,0.4936498701572418,0.4774034023284912,-0.07453875243663788,0.6530013680458069,0.4842177629470825,-0.10111340135335922,0.5325655937194824,0.5196868181228638,-0.12989407777786255,0.47581517696380615,0.5200004577636719,-0.13698554039001465,0.4449984133243561,0.5232114791870117,-0.13800601661205292,0.6636344790458679,0.5839778184890747,-0.09866894036531448,0.5220966935157776,0.5926672220230103,-0.1269802451133728,0.5418041348457336,0.5548133850097656,-0.1207757294178009,0.5921265482902527,0.5400979518890381,-0.1128881424665451,0.6733125448226929,0.663428008556366,-0.09219135344028473,0.5487819910049438,0.6509373784065247,-0.11011997610330582,0.572837769985199,0.6167792081832886,-0.0868564322590828,0.6140100955963135,0.6084163188934326,-0.06995708495378494,0.6788052916526794,0.7273686528205872,-0.08671620488166809,0.5780964493751526,0.6985535621643066,-0.09775848686695099,0.6009149551391602,0.6679043769836426,-0.08017851412296295,0.6351339817047119,0.6642059087753296,-0.06725289672613144,0.12951424717903137,0.6904618740081787,1.2741028854179604e-07,0.2007272094488144,0.6192307472229004,0.009290832094848156,0.2891591787338257,0.586872398853302,-0.009156367741525173,0.35037198662757874,0.6133507490158081,-0.0333135724067688,0.38016608357429504,0.6528944969177246,-0.057685308158397675,0.3074035048484802,0.5149661898612976,-0.043181173503398895,0.3908698558807373,0.48901304602622986,-0.0755390003323555,0.44360071420669556,0.48512589931488037,-0.09379234164953232,0.4820289611816406,0.49011296033859253,-0.10509341210126877,0.28751328587532043,0.5595210194587708,-0.06877470016479492,0.3828572630882263,0.6767540574073792,-0.1036750003695488,0.3456380367279053,0.6887949109077454,-0.10281573235988617,0.313282310962677,0.6586254835128784,-0.09912701696157455,0.2626892328262329,0.6242599487304688,-0.09211807698011398,0.34868964552879333,0.7377306222915649,-0.11894098669290543,0.3086029291152954,0.7304586172103882,-0.10169323533773422,0.28182539343833923,0.6949581503868103,-0.08760195225477219,0.23698776960372925,0.6934506893157959,-0.11482434719800949,0.3151209354400635,0.7744616270065308,-0.12135454267263412,0.2860428988933563,0.7658480405807495,-0.09899696707725525,0.2564590573310852,0.7337836027145386,-0.08232700079679489,Q
0.7848718166351318,0.5931631326675415,3.3916191455318767e-07,0.7353639006614685,0.49228882789611816,-0.024999428540468216,0.6366966366767883,0.4431723356246948,-0.046610455960035324,0.5553032755851746,0.4510529339313507,-0.05908239260315895,0.4966883659362793,0.475698858499527,-0.07179126143455505,0.6540935635566711,0.48362138867378235,-0.10101904720067978,0.528660237789154,0.5205819606781006,-0.12872622907161713,0.4743063449859619,0.5216143727302551,-0.13450846076011658,0.44746363162994385,0.5250218510627747,-0.1343221813440323,0.6640572547912598,0.5836306214332581,-0.09849206358194351,0.523921549320221,0.5920964479446411,-0.12419971823692322,0.5404508113861084,0.554859459400177,-0.1166418045759201,0.5887057185173035,0.540385365486145,-0.10873494297266006,0.6732937097549438,0.6635156869888306,-0.09196460247039795,0.5494977235794067,0.650170624256134,-0.10664882510900497,0.5714974403381348,0.616426944732666,-0.08335933089256287,0.6115567684173584,0.6080900430679321,-0.0676567479968071,0.6784349083900452,0.7280503511428833,-0.08648548275232315,0.5806167721748352,0.698755145072937,-0.09571310877799988,0.6017048358917236,0.6686370372772217,-0.07895124703645706,0.6342333555221558,0.6653239727020264,-0.0671105608344078,0.12843862175941467,0.6919288039207458,1.3050839697825722e-07,0.20021143555641174,0.6185398697853088,0.009057022631168365,0.28967612981796265,0.5872901678085327,-0.00992933101952076,0.3517928719520569,0.6163166165351868,-0.03434181213378906,0.3816303014755249,0.658444881439209,-0.05891405791044235,0.3075239956378937,0.5153655409812927,-0.045895352959632874,0.3908575475215912,0.4911496043205261,-0.07945920526981354,0.44336262345314026,0.48495984077453613,-0.09882181137800217,0.48313724994659424,0.4873887300491333,-0.11101708561182022,0.2877136468887329,0.5604657530784607,-0.07205947488546371,0.3842194378376007,0.6762232184410095,-0.10738451778888702,0.3471607565879822,0.6875070929527283,-0.10609055310487747,0.3144015669822693,0.6591504216194153,-0.10225091874599457,0.2624564468860626,0.6253753900527954,-0.0959680825471878,0.34920966625213623,0.7371588945388794,-0.12272859364748001,0.3098524212837219,0.7301124930381775,-0.10446969419717789,0.28320038318634033,0.6968100666999817,-0.08979621529579163,0.23639482259750366,0.6948460936546326,-0.11942155659198761,0.3155232071876526,0.7742411494255066,-0.12503579258918762,0.28702807426452637,0.7654030323028564,-0.10162708908319473,0.2571762800216675,0.7347264885902405,-0.08452371507883072,Q
0.7845991253852844,0.592035710811615,3.4347908695053775e-07,0.7348390817642212,0.4910184144973755,-0.027180148288607597,0.6325841546058655,0.4447174370288849,-0.049297794699668884,0.5489699840545654,0.45731523633003235,-0.06192078813910484,0.48859038949012756,0.4781198799610138,-0.07490863651037216,0.6529521942138672,0.48253971338272095,-0.09984231740236282,0.5315247774124146,0.5182141065597534,-0.12882204353809357,0.4754181504249573,0.5194045901298523,-0.13636253774166107,0.4464380145072937,0.5227794051170349,-0.1376628279685974,0.6635419726371765,0.582773745059967,-0.0973481610417366,0.5228798985481262,0.5896204710006714,-0.1261795610189438,0.542580783367157,0.5531853437423706,-0.1207590401172638,0.5934773087501526,0.5399847030639648,-0.11332032084465027,0.6735581755638123,0.662719190120697,-0.09109839797019958,0.5503844618797302,0.6493898630142212,-0.10957187414169312,0.5749474167823792,0.6160115599632263,-0.0866357609629631,0.6162763237953186,0.6083289980888367,-0.06991781294345856,0.6794518232345581,0.7274131774902344,-0.08592844009399414,0.5808337926864624,0.6983568072319031,-0.09747510403394699,0.6040199398994446,0.6680900454521179,-0.0801733136177063,0.6376866698265076,0.6651865243911743,-0.06739647686481476,0.12872137129306793,0.693487823009491,1.2163167184553458e-07,0.2007071077823639,0.6212542653083801,0.009370646439492702,0.2896985113620758,0.5887015461921692,-0.009244391694664955,0.35137975215911865,0.6160215139389038,-0.03361782059073448,0.38098853826522827,0.6568018198013306,-0.05818154662847519,0.307872474193573,0.5155142545700073,-0.042858902364969254,0.39013177156448364,0.49085092544555664,-0.07559948414564133,0.4420038163661957,0.4853111505508423,-0.09449645131826401,0.480925589799881,0.48832282423973083,-0.1064663752913475,0.2882147431373596,0.5596919059753418,-0.06908606737852097,0.3840160369873047,0.6770424842834473,-0.10429289937019348,0.34647440910339355,0.689028263092041,-0.10352378338575363,0.31375405192375183,0.6598575115203857,-0.09987000375986099,0.2628898024559021,0.6242049932479858,-0.09315507113933563,0.3485593795776367,0.7375056147575378,-0.12009672075510025,0.30861449241638184,0.730705738067627,-0.10255226492881775,0.2821411192417145,0.6963514089584351,-0.08825210481882095,0.23645754158496857,0.6934685707092285,-0.11670225113630295,0.31483227014541626,0.7742409706115723,-0.12301480770111084,0.28585848212242126,0.7658584117889404,-0.10033824294805527,0.2562256157398224,0.7345511317253113,-0.0835903137922287,Q
0.7843061685562134,0.5917469263076782,3.7195536606304813e-07,0.733144998550415,0.49060606956481934,-0.026978855952620506,0.6298110485076904,0.44348961114883423,-0.049903593957424164,0.5453656911849976,0.45727044343948364,-0.06295879930257797,0.48538780212402344,0.4805319011211395,-0.07656428962945938,0.6548494100570679,0.4851949214935303,-0.10444194078445435,0.5347952842712402,0.5196171998977661,-0.13413746654987335,0.4781397581100464,0.5164669156074524,-0.141641303896904,0.4469921290874481,0.5162409543991089,-0.14293137192726135,0.6664560437202454,0.5842351913452148,-0.10226383060216904,0.5217528343200684,0.5906621217727661,-0.1319451779127121,0.5398861169815063,0.5509852170944214,-0.12605081498622894,0.5892642140388489,0.5355455279350281,-0.11822985857725143,0.6761385798454285,0.6629849672317505,-0.09585829079151154,0.5490525364875793,0.64753258228302,-0.1151936948299408,0.5727295279502869,0.6120637655258179,-0.09148143976926804,0.6135546565055847,0.6039106249809265,-0.07394266128540039,0.6810998320579529,0.7260148525238037,-0.0903644859790802,0.5789154171943665,0.6957846879959106,-0.10217179358005524,0.6007654666900635,0.664048433303833,-0.08417957276105881,0.6340331435203552,0.6608943939208984,-0.07084905356168747,0.1289079338312149,0.6909710168838501,1.2786554748345225e-07,0.20058301091194153,0.619016706943512,0.008764916099607944,0.2890279293060303,0.5861954092979431,-0.009780580177903175,0.35048189759254456,0.6130325198173523,-0.0339411161839962,0.38099953532218933,0.6529287099838257,-0.05820496007800102,0.30725178122520447,0.5145101547241211,-0.04273419827222824,0.39088523387908936,0.4898620843887329,-0.07552176713943481,0.4432096481323242,0.4854275584220886,-0.09438063204288483,0.48211532831192017,0.4893673360347748,-0.10616232454776764,0.2880023419857025,0.5597541332244873,-0.06836318224668503,0.3835761249065399,0.6763333082199097,-0.10358965396881104,0.34654250741004944,0.687337338924408,-0.10277435183525085,0.3138778805732727,0.6572623252868652,-0.09900449961423874,0.2633671462535858,0.6242878437042236,-0.09194371104240417,0.348576158285141,0.7364169359207153,-0.11873254179954529,0.30902981758117676,0.7292471528053284,-0.1012524738907814,0.2825709581375122,0.69439297914505,-0.08697813004255295,0.23772300779819489,0.6932227611541748,-0.11508940160274506,0.31453096866607666,0.7731317281723022,-0.12136895954608917,0.2857399582862854,0.7644357085227966,-0.09892886877059937,0.25645604729652405,0.7326409816741943,-0.0822717547416687,Q
0.7847853899002075,0.5923137664794922,3.555261969268031e-07,0.7340925931930542,0.4915792644023895,-0.02753671444952488,0.6311193108558655,0.44339480996131897,-0.050424568355083466,0.5462459921836853,0.45469042658805847,-0.0633741170167923,0.48698049783706665,0.4808588922023773,-0.07682038843631744,0.6538999676704407,0.483421266078949,-0.10349560528993607,0.5357980728149414,0.5176135897636414,-0.132893368601799,0.4784849286079407,0.5181984901428223,-0.1403985619544983,0.44628265500068665,0.5220045447349548,-0.14193780720233917,0.664970874786377,0.5830273032188416,-0.10114831477403641,0.5202019810676575,0.5908917188644409,-0.13101549446582794,0.5393813252449036,0.552081286907196,-0.12536866962909698,0.5896602869033813,0.5370073914527893,-0.11750035732984543,0.6746124029159546,0.6620530486106873,-0.09467621892690659,0.5478625893592834,0.6480623483657837,-0.11423886567354202,0.5723788738250732,0.6131769418716431,-0.09074392914772034,0.6137073636054993,0.6049150824546814,-0.07316753268241882,0.6799483895301819,0.7251512408256531,-0.08921555429697037,0.578020453453064,0.6959738731384277,-0.1012333407998085,0.6004810333251953,0.6649961471557617,-0.08352872729301453,0.634148359298706,0.6617990732192993,-0.07034418731927872,0.12776784598827362,0.6906227469444275,1.2596882470461424e-07,0.19981864094734192,0.6169931292533875,0.009731308557093143,0.28865230083465576,0.5837753415107727,-0.00873251911252737,0.35012051463127136,0.6091991662979126,-0.032620612531900406,0.3799116611480713,0.6490104794502258,-0.05676399543881416,0.30644580721855164,0.5150607824325562,-0.04616843909025192,0.3900643587112427,0.48864707350730896,-0.08010781556367874,0.4426801800727844,0.48356229066848755,-0.09945043921470642,0.48201435804367065,0.48756682872772217,-0.11128904670476913,0.2864612340927124,0.5600755214691162,-0.07241850346326828,0.3841923177242279,0.6775085926055908,-0.10771830379962921,0.3475795388221741,0.6884682178497314,-0.10606376081705093,0.3146398663520813,0.6592457294464111,-0.10180768370628357,0.26123422384262085,0.62457674741745,-0.09639952331781387,0.3476836681365967,0.7383604049682617,-0.12271595001220703,0.3081435561180115,0.7296431064605713,-0.10480095446109772,0.2816475033760071,0.6948493719100952,-0.0904032289981842,0.2353963553905487,0.6936886310577393,-0.1198325902223587,0.31328436732292175,0.7742787599563599,-0.12495984137058258,0.28480419516563416,0.7645115852355957,-0.10180958360433578,0.2553037106990814,0.7327558398246765,-0.08491160720586777,Q
0.7842631340026855,0.5914983749389648,3.311587306598085e-07,0.7344141602516174,0.4900466203689575,-0.028455767780542374,0.6281485557556152,0.44678717851638794,-0.05227493867278099,0.5399947166442871,0.46054235100746155,-0.06576157361268997,0.47746264934539795,0.4785291254520416,-0.07964865118265152,0.6549009084701538,0.4819824993610382,-0.10855820029973984,0.5297850966453552,0.5169436931610107,-0.1390877217054367,0.47503823041915894,0.515302300453186,-0.14600013196468353,0.44713330268859863,0.5174860954284668,-0.14669649302959442,0.6654161810874939,0.5823354721069336,-0.1055169403553009,0.5192344784736633,0.589087963104248,-0.1350926011800766,0.5397927165031433,0.5509250164031982,-0.1275779902935028,0.5907703638076782,0.5380781888961792,-0.11911065131425858,0.6749406456947327,0.6620872616767883,-0.09841839224100113,0.5470248460769653,0.6476519107818604,-0.11738278716802597,0.5733605027198792,0.6123226284980774,-0.09227317571640015,0.6151134371757507,0.6051520705223083,-0.07438147813081741,0.6797654628753662,0.7258868217468262,-0.09239890426397324,0.5775036215782166,0.6958765387535095,-0.10439383238554001,0.6007465124130249,0.6643593311309814,-0.08642034977674484,0.6342582106590271,0.6623741984367371,-0.07349296659231186,0.12742863595485687,0.690774142742157,1.2016265316106e-07,0.19950777292251587,0.6174047589302063,0.010013972409069538,0.2882724106311798,0.5835415720939636,-0.00812060758471489,0.3496303856372833,0.6083037853240967,-0.031762439757585526,0.37980443239212036,0.6470406651496887,-0.055630873888731,0.30605530738830566,0.5148530602455139,-0.04501909390091896,0.38956040143966675,0.4883129298686981,-0.0785885602235794,0.4421718120574951,0.48303085565567017,-0.09765318781137466,0.48146045207977295,0.48702487349510193,-0.10931117087602615,0.2863460183143616,0.5596662759780884,-0.0712456926703453,0.3842003345489502,0.6776519417762756,-0.10637936741113663,0.3473798930644989,0.6888713836669922,-0.10475204885005951,0.31444236636161804,0.6593600511550903,-0.10044067353010178,0.2613499164581299,0.6241225600242615,-0.0952102541923523,0.34774908423423767,0.7378190755844116,-0.12140929698944092,0.3079652786254883,0.7294381856918335,-0.10351242870092392,0.28147581219673157,0.6943082213401794,-0.08910568803548813,0.23553916811943054,0.6932337284088135,-0.11858922243118286,0.313315749168396,0.7739614844322205,-0.12382697314023972,0.28461796045303345,0.7644740343093872,-0.10080388188362122,0.25511133670806885,0.732417106628418,-0.08393847197294235,Q
0.7840703129768372,0.5915822982788086,3.365630902862904e-07,0.734839677810669,0.49022796750068665,-0.028346220031380653,0.6311054229736328,0.44235432147979736,-0.05219637602567673,0.5452196002006531,0.45382970571517944,-0.06589924544095993,0.4862120747566223,0.4801061749458313,-0.08014748245477676,0.6554462313652039,0.4812338054180145,-0.10636690258979797,0.5353858470916748,0.5119178295135498,-0.13616512715816498,0.4780251681804657,0.5131148099899292,-0.14334237575531006,0.44493576884269714,0.5186716914176941,-0.14469769597053528,0.6658424735069275,0.5809366106987,-0.1038953959941864,0.5193415284156799,0.5882904529571533,-0.13403230905532837,0.5393314957618713,0.5511269569396973,-0.1276242733001709,0.5901264548301697,0.5376249551773071,-0.11942937225103378,0.6748313903808594,0.6605349183082581,-0.09727498143911362,0.5459597110748291,0.6468954086303711,-0.11702632158994675,0.5706184506416321,0.6124825477600098,-0.09301776438951492,0.6121896505355835,0.6045228242874146,-0.07522615790367126,0.6790356636047363,0.7242757081985474,-0.09167496114969254,0.5748448371887207,0.69647216796875,-0.10360029339790344,0.5976948738098145,0.665414571762085,-0.08559596538543701,0.6322846412658691,0.6621009111404419,-0.07244919240474701,0.12761372327804565,0.6909950971603394,1.237153526290058e-07,0.19879788160324097,0.6174929141998291,0.010413995012640953,0.2873215973377228,0.584792971611023,-0.008193477988243103,0.34978434443473816,0.6095496416091919,-0.032195765525102615,0.38070327043533325,0.6463796496391296,-0.05644261837005615,0.30476999282836914,0.5152109861373901,-0.047262951731681824,0.3899102210998535,0.4868237376213074,-0.08087963610887527,0.443474143743515,0.4823462963104248,-0.09906473755836487,0.4829808473587036,0.4878705143928528,-0.10987868905067444,0.2853122055530548,0.5598193407058716,-0.07353449612855911,0.38344261050224304,0.676520824432373,-0.10805787146091461,0.3468976318836212,0.6887211799621582,-0.10522947460412979,0.3145044445991516,0.65966796875,-0.10031215846538544,0.2608867287635803,0.6240403652191162,-0.09739804267883301,0.34776178002357483,0.7368706464767456,-0.12310235947370529,0.30821412801742554,0.7294279932975769,-0.10439176112413406,0.28181856870651245,0.6945109963417053,-0.08975233882665634,0.23569178581237793,0.6929453611373901,-0.1205793097615242,0.31314241886138916,0.7729995250701904,-0.12542004883289337,0.2845310568809509,0.7642061710357666,-0.10202884674072266,0.25496843457221985,0.7320154309272766,-0.0850907415151596,Q
0.7811655402183533,0.5883939266204834,3.227349338885688e-07,0.7290303707122803,0.48943907022476196,-0.02837456949055195,0.6187856793403625,0.44867566227912903,-0.051208723336458206,0.527971088886261,0.4632136821746826,-0.06369100511074066,0.46336838603019714,0.48723018169403076,-0.07671196758747101,0.6519715785980225,0.4819057285785675,-0.10739398002624512,0.5299334526062012,0.5107085108757019,-0.1374836266040802,0.47527942061424255,0.5115944743156433,-0.14400331676006317,0.44495826959609985,0.5176042914390564,-0.14471270143985748,0.6635539531707764,0.582360565662384,-0.1042700707912445,0.5184309482574463,0.5877361297607422,-0.13428781926631927,0.5401514768600464,0.5500636100769043,-0.12710140645503998,0.5905961394309998,0.5367681980133057,-0.11881653219461441,0.6733141541481018,0.6621808409690857,-0.0970146581530571,0.5458014011383057,0.647296667098999,-0.11694971472024918,0.5731347799301147,0.6125300526618958,-0.09199795126914978,0.6151954531669617,0.604893147945404,-0.07391534000635147,0.6780786514282227,0.7260593175888062,-0.09075002372264862,0.575522780418396,0.6963410377502441,-0.10321194678544998,0.599909782409668,0.6655363440513611,-0.08517353981733322,0.6344764828681946,0.663456380367279,-0.07216999679803848,0.12792697548866272,0.6907082796096802,1.2747675270929903e-07,0.19837327301502228,0.6165816783905029,0.00884171761572361,0.28681737184524536,0.5844473838806152,-0.010218760930001736,0.3495680093765259,0.6109527945518494,-0.03431205451488495,0.3812377154827118,0.6500271558761597,-0.05843791738152504,0.3049321174621582,0.5139569640159607,-0.04900536686182022,0.39090463519096375,0.48805946111679077,-0.08353031426668167,0.4449721574783325,0.4837186932563782,-0.10273614525794983,0.4849405288696289,0.48849713802337646,-0.11425255984067917,0.2854631543159485,0.5589615702629089,-0.07465846836566925,0.3821873068809509,0.6762846112251282,-0.10950788110494614,0.3461998701095581,0.6870372295379639,-0.10707701742649078,0.3139953911304474,0.6577088236808777,-0.10270145535469055,0.26108041405677795,0.6232650876045227,-0.09807245433330536,0.3475278913974762,0.7366654872894287,-0.12423451989889145,0.3083835244178772,0.7290207743644714,-0.10576121509075165,0.2820100784301758,0.6947019696235657,-0.09127607196569443,0.2362350970506668,0.6923050284385681,-0.12102372944355011,0.3136483132839203,0.7733379006385803,-0.12600953876972198,0.28552868962287903,0.7643064856529236,-0.10273566842079163,0.25591519474983215,0.7325690984725952,-0.08586690574884415,Q
0.7806768417358398,0.5932654738426208,2.961949974178424e-07,0.7315881848335266,0.4914502799510956,-0.027383072301745415,0.6251068711280823,0.446791410446167,-0.04993748292326927,0.536820113658905,0.461775004863739,-0.062436122447252274,0.4796066880226135,0.4901044964790344,-0.07510608434677124,0.6530304551124573,0.4830304980278015,-0.10567004233598709,0.5281280875205994,0.5119941830635071,-0.1355547457933426,0.4764142334461212,0.5149977207183838,-0.1415252536535263,0.450373113155365,0.5226208567619324,-0.14149832725524902,0.6636207103729248,0.5828139185905457,-0.10257849097251892,0.5191137790679932,0.5886862874031067,-0.13135239481925964,0.5392241477966309,0.5520728826522827,-0.12348885834217072,0.5879083871841431,0.5384119749069214,-0.11479686200618744,0.6720987558364868,0.6618329882621765,-0.09556804597377777,0.5452079772949219,0.6461469531059265,-0.11360971629619598,0.5702906847000122,0.6118402481079102,-0.08937855064868927,0.6106857061386108,0.6034247875213623,-0.07203400880098343,0.6757431030273438,0.7253855466842651,-0.08961232006549835,0.57453852891922,0.6947118043899536,-0.10031519085168839,0.5970615148544312,0.6641783118247986,-0.08316213637590408,0.6301239728927612,0.6612246036529541,-0.071021169424057,0.12786830961704254,0.6910935044288635,1.2474846755594626e-07,0.1978028416633606,0.6167908310890198,0.008322218433022499,0.28599315881729126,0.5843167901039124,-0.010525125078856945,0.348877876996994,0.6105483770370483,-0.03421788290143013,0.38124245405197144,0.6491941809654236,-0.057895515114068985,0.3051394522190094,0.5141503810882568,-0.049531031399965286,0.39147070050239563,0.4884030520915985,-0.08424802124500275,0.44587668776512146,0.4838118553161621,-0.10355929285287857,0.4860554337501526,0.4881224036216736,-0.11506303399801254,0.28539028763771057,0.5591294169425964,-0.07483133673667908,0.38215792179107666,0.6767240762710571,-0.10949266701936722,0.34599748253822327,0.6872446537017822,-0.10691828280687332,0.31358957290649414,0.6576102375984192,-0.10249651968479156,0.2609241306781769,0.6232360601425171,-0.09798216819763184,0.347464919090271,0.7371258735656738,-0.12422729283571243,0.30819204449653625,0.7293902635574341,-0.10592745989561081,0.28180959820747375,0.6948933601379395,-0.09151893109083176,0.23599930107593536,0.6921406388282776,-0.1207122653722763,0.31348878145217896,0.7734858393669128,-0.1256445199251175,0.2854636013507843,0.7645876407623291,-0.10239414125680923,0.2557543218135834,0.7329327464103699,-0.08552892506122589,Q
0.7803278565406799,0.5944084525108337,3.5067910175712314e-07,0.7316287159919739,0.49095359444618225,-0.02669793926179409,0.6283888220787048,0.44421282410621643,-0.04869173839688301,0.543666660785675,0.4563215970993042,-0.06122168153524399,0.4836980700492859,0.47902292013168335,-0.07443715631961823,0.64899742603302,0.4853363037109375,-0.10132303088903427,0.5281925201416016,0.5192674994468689,-0.1304994523525238,0.4713866710662842,0.5150759220123291,-0.13810573518276215,0.44049668312072754,0.5135421752929688,-0.13960807025432587,0.6597695350646973,0.5853058099746704,-0.09913013875484467,0.5191303491592407,0.5882701277732849,-0.12861432135105133,0.5408472418785095,0.5503456592559814,-0.12285728752613068,0.5921478271484375,0.5377054810523987,-0.11509557068347931,0.6704213619232178,0.6643797755241394,-0.09291240572929382,0.5472495555877686,0.6478238105773926,-0.11177688837051392,0.5729269981384277,0.6137241125106812,-0.08799087256193161,0.6147711277008057,0.6072271466255188,-0.07057607918977737,0.6770768761634827,0.7274653911590576,-0.08768094331026077,0.576545774936676,0.6973689198493958,-0.09902295470237732,0.5997427105903625,0.6668621301651001,-0.08074217289686203,0.6338121891021729,0.6648659706115723,-0.06734603643417358,0.1277703046798706,0.6915522217750549,1.2395750559335283e-07,0.19864514470100403,0.6178382635116577,0.008203720673918724,0.2874034643173218,0.5865323543548584,-0.011663196608424187,0.3498949110507965,0.6141576766967773,-0.03676239028573036,0.38172274827957153,0.6539321541786194,-0.06205316260457039,0.3062395453453064,0.5147716999053955,-0.049080055207014084,0.3921537399291992,0.4898154139518738,-0.08444684743881226,0.4463860094547272,0.4859679043292999,-0.10497643053531647,0.48720037937164307,0.48991623520851135,-0.11773506551980972,0.28574126958847046,0.5608184337615967,-0.07513458281755447,0.3805598020553589,0.6763181686401367,-0.11164188385009766,0.3433593511581421,0.6862794160842896,-0.11071347445249557,0.3110574781894684,0.6565373539924622,-0.10736306011676788,0.26056820154190063,0.626064121723175,-0.09898246824741364,0.3463381826877594,0.7386934757232666,-0.12645447254180908,0.3060091435909271,0.7296661138534546,-0.10809119790792465,0.2794264256954193,0.6949278712272644,-0.09355837851762772,0.23514214158058167,0.6953299641609192,-0.12249188870191574,0.31302326917648315,0.7750928401947021,-0.12873782217502594,0.2836706042289734,0.765131950378418,-0.10546918958425522,0.2536412179470062,0.7334936261177063,-0.08844586461782455,Q
0.7825567126274109,0.5982772707939148,3.346571304518875e-07,0.7350188493728638,0.49565911293029785,-0.027640659362077713,0.6314089894294739,0.4467064142227173,-0.04988286271691322,0.5457863211631775,0.45529693365097046,-0.06218762323260307,0.4857046604156494,0.4797089695930481,-0.07514721155166626,0.6515989899635315,0.4849410057067871,-0.10361693799495697,0.5296894907951355,0.5192426443099976,-0.13324148952960968,0.47249555587768555,0.5162532329559326,-0.1406719833612442,0.44048383831977844,0.5161721110343933,-0.1420387178659439,0.661357581615448,0.5841816067695618,-0.10077538341283798,0.5197765231132507,0.5885300040245056,-0.13017119467258453,0.542112410068512,0.5518997311592102,-0.12360411137342453,0.5929292440414429,0.5393873453140259,-0.11539790779352188,0.6708741784095764,0.6636949181556702,-0.09396853297948837,0.5480295419692993,0.6494476199150085,-0.11275365203619003,0.574702799320221,0.6175872087478638,-0.08838064968585968,0.6160901188850403,0.6112648248672485,-0.07070929557085037,0.6765082478523254,0.7282016277313232,-0.08827788382768631,0.5766331553459167,0.6984884142875671,-0.09959777444601059,0.6013309359550476,0.6704727411270142,-0.08128604292869568,0.635553777217865,0.6691145896911621,-0.06800854206085205,0.12809523940086365,0.6929036974906921,1.1974532299063867e-07,0.1990717053413391,0.6206709146499634,0.00779899675399065,0.28799647092819214,0.5911098718643188,-0.012098267674446106,0.3506178557872772,0.6195482015609741,-0.037170641124248505,0.3828456401824951,0.6579295992851257,-0.06215193495154381,0.3061770498752594,0.5164206624031067,-0.04850110784173012,0.39220237731933594,0.49011409282684326,-0.08307530730962753,0.4463226795196533,0.4866639971733093,-0.10288427025079727,0.4861353635787964,0.49156999588012695,-0.11514049023389816,0.28559568524360657,0.5617590546607971,-0.07420630007982254,0.3798232078552246,0.6761195659637451,-0.11019682139158249,0.34344348311424255,0.6878569722175598,-0.10937737673521042,0.3121798038482666,0.6596119403839111,-0.10618143528699875,0.26082006096839905,0.6266249418258667,-0.09774290770292282,0.3463234007358551,0.739264190196991,-0.1246861070394516,0.30657491087913513,0.7311726808547974,-0.10641126334667206,0.2804213762283325,0.6970024108886719,-0.09211080521345139,0.23597386479377747,0.6958913207054138,-0.120997853577137,0.31358659267425537,0.7760145664215088,-0.1270117461681366,0.28472065925598145,0.7664811611175537,-0.10395351052284241,0.25494176149368286,0.7350770235061646,-0.08715172111988068,Q
0.7810379862785339,0.5913468599319458,3.253050806506508e-07,0.7315488457679749,0.49137523770332336,-0.028947439044713974,0.62511146068573,0.4501122236251831,-0.052191708236932755,0.5381971597671509,0.4616287052631378,-0.06520095467567444,0.4764513373374939,0.4817189872264862,-0.07904011011123657,0.6515396237373352,0.47954633831977844,-0.10582788288593292,0.5344253778457642,0.5116687417030334,-0.13652941584587097,0.4748196005821228,0.5145219564437866,-0.14465200901031494,0.4387662410736084,0.5215422511100769,-0.1468425989151001,0.6626613736152649,0.580209493637085,-0.10365632176399231,0.5174133777618408,0.5894182920455933,-0.13525810837745667,0.5409253239631653,0.5535439848899841,-0.12922438979148865,0.5936076045036316,0.5402167439460754,-0.1208694651722908,0.6728726029396057,0.6611242294311523,-0.09749013930559158,0.5468762516975403,0.6491914391517639,-0.1197180300951004,0.5750254988670349,0.6160001754760742,-0.09536997973918915,0.6174805760383606,0.6088846921920776,-0.07658549398183823,0.6785741448402405,0.7267163991928101,-0.0923018530011177,0.5752270221710205,0.6996777653694153,-0.10588877648115158,0.6007378101348877,0.6693884134292603,-0.08703044801950455,0.6365635395050049,0.6668805480003357,-0.07291640341281891,0.12825222313404083,0.693676233291626,1.1889429174516408e-07,0.1991826295852661,0.6218181252479553,0.007572086062282324,0.2884438931941986,0.5922431349754333,-0.012315955944359303,0.3516497015953064,0.6214295625686646,-0.03738131374120712,0.3843308091163635,0.6602637767791748,-0.06230100244283676,0.3062058091163635,0.5160096883773804,-0.04764259234070778,0.39170652627944946,0.49071210622787476,-0.08202626556158066,0.44563817977905273,0.48705291748046875,-0.10198590159416199,0.48546329140663147,0.49128997325897217,-0.11454804986715317,0.2855013906955719,0.5612632632255554,-0.07329414039850235,0.3793870508670807,0.6753775477409363,-0.10944101959466934,0.343108594417572,0.6875805258750916,-0.10913307219743729,0.3121166229248047,0.6593027710914612,-0.10641179978847504,0.26061123609542847,0.6261025667190552,-0.09683042764663696,0.3466668725013733,0.7384448051452637,-0.12421595305204391,0.30680179595947266,0.7311564087867737,-0.10619484633207321,0.28067368268966675,0.6970565915107727,-0.09206568449735641,0.23581048846244812,0.6955722570419312,-0.12009090930223465,0.314071923494339,0.7755560278892517,-0.12663204967975616,0.2851419448852539,0.7668439149856567,-0.1038798913359642,0.25568073987960815,0.7357473969459534,-0.0873073935508728,Q
0.7816897630691528,0.596178412437439,3.133811219413474e-07,0.7336639761924744,0.49346891045570374,-0.029182665050029755,0.6269586682319641,0.44872230291366577,-0.05144915357232094,0.5392858982086182,0.4614603817462921,-0.06371589750051498,0.4782719016075134,0.48187077045440674,-0.07650898396968842,0.6509620547294617,0.4820064306259155,-0.10256706178188324,0.5300073623657227,0.5165785551071167,-0.13292795419692993,0.4731729030609131,0.5152831673622131,-0.1409405916929245,0.4414966106414795,0.5164380669593811,-0.14268755912780762,0.6612469553947449,0.5821150541305542,-0.09936954826116562,0.5202669501304626,0.5883556604385376,-0.12983626127243042,0.5427180528640747,0.5543773770332336,-0.12403758615255356,0.5938154458999634,0.5421766638755798,-0.11619944870471954,0.67087322473526,0.6626737713813782,-0.09260305762290955,0.5485444664955139,0.6480626463890076,-0.11285026371479034,0.5750283002853394,0.6176455616950989,-0.08916446566581726,0.6160810589790344,0.6115902066230774,-0.07156454771757126,0.675635039806366,0.7282763719558716,-0.08707650750875473,0.5751660466194153,0.697748064994812,-0.09910924732685089,0.5997862219810486,0.669974684715271,-0.08113745599985123,0.6339590549468994,0.6685768961906433,-0.06803475320339203,0.12779097259044647,0.6934913992881775,1.2056828779805073e-07,0.19929684698581696,0.620837926864624,0.008092178031802177,0.2876536548137665,0.5897048711776733,-0.011366895399987698,0.34985026717185974,0.6168782114982605,-0.036042146384716034,0.38229355216026306,0.6555320024490356,-0.06084684282541275,0.3063487112522125,0.5168824791908264,-0.047678977251052856,0.39146265387535095,0.492119699716568,-0.08186794817447662,0.44511282444000244,0.4878998398780823,-0.10178887099027634,0.4854380190372467,0.4908682703971863,-0.11438744515180588,0.28598082065582275,0.5631279945373535,-0.07366780936717987,0.3819807767868042,0.677800178527832,-0.10965383797883987,0.34514904022216797,0.6891923546791077,-0.10901123285293579,0.3122541904449463,0.6602532863616943,-0.10583725571632385,0.2611730098724365,0.6285248398780823,-0.09747304767370224,0.3474995791912079,0.7404071092605591,-0.12409912049770355,0.3075495660305023,0.7322423458099365,-0.1058477982878685,0.28034064173698425,0.6977838277816772,-0.09151025116443634,0.23598390817642212,0.697964608669281,-0.12102017551660538,0.31410980224609375,0.7767462730407715,-0.12690265476703644,0.2851617932319641,0.7673118114471436,-0.10390713065862656,0.25494468212127686,0.7360700964927673,-0.08711539208889008,Q
0.7791609168052673,0.5926191806793213,3.190726829416235e-07,0.7284466624259949,0.49024802446365356,-0.027354056015610695,0.6215533018112183,0.44783902168273926,-0.04935447499155998,0.535362720489502,0.4628891050815582,-0.06184755265712738,0.4742545783519745,0.48538345098495483,-0.07505285739898682,0.6475639939308167,0.48334985971450806,-0.10008202493190765,0.5305428504943848,0.5174744129180908,-0.1310848444700241,0.47617894411087036,0.5185140371322632,-0.1403864175081253,0.4472852945327759,0.5232722163200378,-0.1427582949399948,0.6592299938201904,0.5832405090332031,-0.09831901639699936,0.5184634923934937,0.5903568267822266,-0.12974515557289124,0.541846513748169,0.5527558326721191,-0.1251598596572876,0.5942095518112183,0.5393618941307068,-0.11771044135093689,0.6696886420249939,0.6629389524459839,-0.09289786219596863,0.546561062335968,0.6494278311729431,-0.11428014934062958,0.5738834142684937,0.6156495213508606,-0.0910729169845581,0.6159087419509888,0.6083812117576599,-0.07317487895488739,0.6757780313491821,0.7268750667572021,-0.08849838376045227,0.5750630497932434,0.6987358331680298,-0.10150272399187088,0.5998222827911377,0.6679444909095764,-0.0833214744925499,0.6347732543945312,0.6655286550521851,-0.06960459798574448,0.12765534222126007,0.6969717144966125,1.0302971986675402e-07,0.19997760653495789,0.6236384510993958,0.010086639784276485,0.2887716591358185,0.5898881554603577,-0.00835050642490387,0.3506525158882141,0.6143476366996765,-0.03242731839418411,0.38186702132225037,0.652704656124115,-0.05674164742231369,0.30526742339134216,0.518513560295105,-0.0442156046628952,0.38845816254615784,0.4932122230529785,-0.07667648047208786,0.4404847025871277,0.4871752858161926,-0.09501384198665619,0.4798729121685028,0.4891619086265564,-0.10661546885967255,0.285419762134552,0.5626830458641052,-0.07059863954782486,0.38234102725982666,0.6793717741966248,-0.10567507147789001,0.34472376108169556,0.6911020278930664,-0.10438436269760132,0.31166860461235046,0.6613646149635315,-0.10041170567274094,0.26097938418388367,0.6272245049476624,-0.09459526091814041,0.34766796231269836,0.7397327423095703,-0.12056390941143036,0.3072088956832886,0.7325055599212646,-0.10218498110771179,0.2797389030456543,0.6978516578674316,-0.0875784307718277,0.23589816689491272,0.6966788172721863,-0.11805921792984009,0.313713014125824,0.7757139205932617,-0.12339004874229431,0.2843925952911377,0.7673157453536987,-0.10040652006864548,0.2545534372329712,0.7362635135650635,-0.0835861787199974,Q
0.7821595668792725,0.5930064916610718,3.4271246818207146e-07,0.7327924966812134,0.4899120032787323,-0.02598927728831768,0.6321408152580261,0.4421333968639374,-0.047713927924633026,0.5498104691505432,0.4551258683204651,-0.06012030690908432,0.4929773807525635,0.48052820563316345,-0.07273682206869125,0.6525550484657288,0.4865657687187195,-0.09961719810962677,0.5336439609527588,0.5210343599319458,-0.12898315489292145,0.4780210852622986,0.5203219056129456,-0.13661034405231476,0.4491223692893982,0.5219491124153137,-0.13771456480026245,0.6629374027252197,0.5858597755432129,-0.097496896982193,0.5206073522567749,0.5921071767807007,-0.12641024589538574,0.5388020277023315,0.5537281036376953,-0.12084906548261642,0.5885067582130432,0.539258599281311,-0.11303236335515976,0.6717481017112732,0.663992166519165,-0.09147593379020691,0.5463987588882446,0.6482254862785339,-0.10974912345409393,0.5686544179916382,0.6127230525016785,-0.08719127625226974,0.6088907122612,0.6045121550559998,-0.07032997161149979,0.6759668588638306,0.7262611389160156,-0.08646168559789658,0.5743252635002136,0.6952550411224365,-0.09751307219266891,0.5953409075737,0.6627814173698425,-0.080400750041008,0.6287809610366821,0.6591241955757141,-0.06759144365787506,0.1279490441083908,0.6928873658180237,1.2547121741590672e-07,0.1986502707004547,0.6198628544807434,0.008638747036457062,0.2861494719982147,0.5843245983123779,-0.009440978989005089,0.34747493267059326,0.6080864071846008,-0.0329674668610096,0.3792913854122162,0.6474631428718567,-0.05665922164916992,0.3052670359611511,0.5147429704666138,-0.04352196678519249,0.3900502920150757,0.49154916405677795,-0.07620440423488617,0.441910982131958,0.4865518808364868,-0.0947241261601448,0.4821052551269531,0.4892424941062927,-0.10652096569538116,0.28592488169670105,0.5595301389694214,-0.0691874548792839,0.3830040693283081,0.6780822277069092,-0.10451828688383102,0.3447970449924469,0.6882432103157043,-0.10345298051834106,0.31187987327575684,0.6574347615242004,-0.09969662874937057,0.2613118886947632,0.6242094039916992,-0.09278249740600586,0.3478213846683502,0.7386519908905029,-0.11954043805599213,0.3067268133163452,0.7302354574203491,-0.10195137560367584,0.2799491882324219,0.6943701505661011,-0.08784541487693787,0.2356913983821869,0.6936153173446655,-0.11598919332027435,0.3131951689720154,0.7744460105895996,-0.12264315783977509,0.28314709663391113,0.7651466131210327,-0.1006016954779625,0.2533568739891052,0.7327786684036255,-0.08433430641889572,Q
0.7842518091201782,0.5975232124328613,3.4451568353688344e-07,0.7348310947418213,0.49504104256629944,-0.026608163490891457,0.6342211961746216,0.44491004943847656,-0.04887926205992699,0.5508297681808472,0.4527003765106201,-0.06150095537304878,0.49204835295677185,0.47671186923980713,-0.07443377375602722,0.6550056338310242,0.48521721363067627,-0.10231932997703552,0.5349319577217102,0.5175094604492188,-0.13197386264801025,0.47896647453308105,0.5176548957824707,-0.13943380117416382,0.44920939207077026,0.5210316181182861,-0.14055922627449036,0.6645495295524597,0.5845525860786438,-0.09998384863138199,0.5208904147148132,0.5915918350219727,-0.129415363073349,0.5404309630393982,0.5536051392555237,-0.12343137711286545,0.5907145142555237,0.5392279624938965,-0.11532063037157059,0.6732267737388611,0.6635801792144775,-0.09360353648662567,0.547755777835846,0.6497217416763306,-0.11248931288719177,0.5721298456192017,0.6155561804771423,-0.08910955488681793,0.6133078932762146,0.6075400710105896,-0.07171952724456787,0.6779635548591614,0.7265662550926208,-0.08823421597480774,0.5771697759628296,0.696884274482727,-0.10003338754177094,0.599908173084259,0.6663048267364502,-0.08269679546356201,0.6339001655578613,0.6630884408950806,-0.0696851909160614,0.1298196166753769,0.6921645402908325,1.234332245303449e-07,0.2016182690858841,0.6181228756904602,0.008445890620350838,0.28950104117393494,0.5839660167694092,-0.01033044420182705,0.3503921627998352,0.6087496280670166,-0.03428339585661888,0.380376935005188,0.6487563252449036,-0.058400798588991165,0.30653896927833557,0.5144575834274292,-0.04730929806828499,0.3913917541503906,0.4922179579734802,-0.08135055750608444,0.44386643171310425,0.4877047836780548,-0.1009737029671669,0.4849824607372284,0.49091893434524536,-0.11342671513557434,0.28625673055648804,0.5606296062469482,-0.07345449924468994,0.382879376411438,0.6789000034332275,-0.10954771935939789,0.344860315322876,0.6873908042907715,-0.10859139263629913,0.3117697536945343,0.6572825312614441,-0.10500961542129517,0.2612251937389374,0.626162052154541,-0.09739068150520325,0.3473667800426483,0.7400681972503662,-0.12394548952579498,0.3063697814941406,0.7292993068695068,-0.10596314817667007,0.27954137325286865,0.6936568021774292,-0.0916992723941803,0.23579835891723633,0.6960272192955017,-0.12106579542160034,0.3134947419166565,0.7761139869689941,-0.12697990238666534,0.28397396206855774,0.764897346496582,-0.1044263020157814,0.2541409432888031,0.732650101184845,-0.08792069554328918,Q
0.7798916697502136,0.5913115739822388,3.576070923827501e-07,0.7293714284896851,0.489236056804657,-0.02830585651099682,0.6219289898872375,0.44670921564102173,-0.051767777651548386,0.5349082350730896,0.46145716309547424,-0.06512146443128586,0.4736082851886749,0.48120811581611633,-0.07903068512678146,0.6515153050422668,0.4819776713848114,-0.1060689315199852,0.531640887260437,0.5138396620750427,-0.13725534081459045,0.4747500419616699,0.5130128860473633,-0.1453896462917328,0.44294100999832153,0.5170482397079468,-0.1470225304365158,0.6625697612762451,0.5832802653312683,-0.10390567779541016,0.5168603658676147,0.5889574885368347,-0.13582269847393036,0.5393782258033752,0.54952073097229,-0.12983110547065735,0.5915220975875854,0.5358284711837769,-0.12133055925369263,0.6719070076942444,0.6638088226318359,-0.09768469631671906,0.5446596741676331,0.647000253200531,-0.11906837671995163,0.5715385675430298,0.6110472083091736,-0.09449892491102219,0.6134446263313293,0.6040660738945007,-0.07574772089719772,0.6767227053642273,0.727995753288269,-0.09245800971984863,0.5741958022117615,0.6966779828071594,-0.10528038442134857,0.5986606478691101,0.6643232107162476,-0.0864906758069992,0.6335757970809937,0.6623141765594482,-0.07243822515010834,0.12887272238731384,0.6917845010757446,1.2972466834071383e-07,0.1988975703716278,0.6177623271942139,0.008121419697999954,0.28620487451553345,0.5839873552322388,-0.010922553017735481,0.3480260670185089,0.6095045208930969,-0.03514154255390167,0.37992456555366516,0.6493625044822693,-0.05954328551888466,0.30577048659324646,0.5161187052726746,-0.04751890152692795,0.3911367952823639,0.4916726350784302,-0.08185043931007385,0.4449978470802307,0.4867568612098694,-0.1011056900024414,0.4858800172805786,0.49050986766815186,-0.11282406002283096,0.285544216632843,0.5616798400878906,-0.07300083339214325,0.3824344277381897,0.6783013343811035,-0.10886210948228836,0.34447935223579407,0.6873593926429749,-0.10714113712310791,0.31152498722076416,0.6567832231521606,-0.10277380049228668,0.2608952224254608,0.6264253258705139,-0.09636391699314117,0.3475458323955536,0.7392891049385071,-0.12354736775159836,0.30695459246635437,0.7298405766487122,-0.1053173691034317,0.27976444363594055,0.6944836974143982,-0.0905233845114708,0.23555245995521545,0.6957362294197083,-0.11933539807796478,0.313473105430603,0.7749204039573669,-0.12541276216506958,0.28407296538352966,0.7648518085479736,-0.10236716270446777,0.2537253499031067,0.7328135371208191,-0.08528456836938858,Q
0.7818552255630493,0.5951889157295227,3.439785984937771e-07,0.7325809597969055,0.4916420578956604,-0.026733914390206337,0.6284653544425964,0.4437142610549927,-0.04949324205517769,0.5430388450622559,0.45867401361465454,-0.06278809159994125,0.48545920848846436,0.4854017496109009,-0.07637969404459,0.6522239446640015,0.4858815371990204,-0.10300104320049286,0.5292238593101501,0.5200910568237305,-0.13359446823596954,0.4736955761909485,0.5171094536781311,-0.14122731983661652,0.4447551369667053,0.5177427530288696,-0.14232414960861206,0.6626139879226685,0.5853655338287354,-0.10122308135032654,0.5183756947517395,0.5916455388069153,-0.1321878880262375,0.5385594964027405,0.5526673793792725,-0.12631916999816895,0.5892535448074341,0.5388998985290527,-0.11808565258979797,0.6715543866157532,0.6643356084823608,-0.0955207496881485,0.5449943542480469,0.6498885750770569,-0.11482281237840652,0.5694646239280701,0.6142346262931824,-0.09084408730268478,0.6105696558952332,0.6062155365943909,-0.07306656986474991,0.6763049364089966,0.7274678945541382,-0.09090155363082886,0.574267566204071,0.6975875496864319,-0.10190843790769577,0.5969221591949463,0.6662303805351257,-0.08383437246084213,0.6308518648147583,0.6636979579925537,-0.07061838358640671,0.12917551398277283,0.6926436424255371,1.240173901351227e-07,0.19978663325309753,0.6188990473747253,0.008694546297192574,0.2874988317489624,0.5855711102485657,-0.01045433059334755,0.34918054938316345,0.6116698980331421,-0.034953631460666656,0.3804098963737488,0.6520565748214722,-0.059594281017780304,0.3058590888977051,0.5163077712059021,-0.04668368026614189,0.3900911211967468,0.4907403588294983,-0.08068434149026871,0.4430285692214966,0.4853002429008484,-0.09996722638607025,0.4830167591571808,0.48916536569595337,-0.11182199418544769,0.2857692539691925,0.5614768266677856,-0.07242999225854874,0.38218897581100464,0.6776250600814819,-0.10841122269630432,0.34480389952659607,0.687267005443573,-0.10721734911203384,0.312224805355072,0.6577402353286743,-0.1032058447599411,0.26123377680778503,0.6262130737304688,-0.09594771265983582,0.34757980704307556,0.738692045211792,-0.12295849621295929,0.307210773229599,0.729356050491333,-0.10490690171718597,0.28021475672721863,0.694628119468689,-0.0902823880314827,0.23617184162139893,0.695609986782074,-0.11901591718196869,0.31409212946891785,0.7750285863876343,-0.1249903216958046,0.2847774624824524,0.7646902799606323,-0.10206157714128494,0.25485101342201233,0.73293137550354,-0.08509009331464767,Q
0.783120334148407,0.5955151319503784,3.3789973485909286e-07,0.7335696220397949,0.49332231283187866,-0.027786528691649437,0.6274575591087341,0.44859981536865234,-0.05038035660982132,0.5396521091461182,0.4610321819782257,-0.06308066844940186,0.4775509238243103,0.47914284467697144,-0.07633370906114578,0.651927649974823,0.4822080135345459,-0.10228332132101059,0.5335338711738586,0.5162783265113831,-0.1324814110994339,0.4750775098800659,0.5149275660514832,-0.14032889902591705,0.44176754355430603,0.516484260559082,-0.14204248785972595,0.6617631912231445,0.5814632177352905,-0.10007745027542114,0.5175083875656128,0.5886911153793335,-0.1313418596982956,0.5397862195968628,0.552125096321106,-0.1256827563047409,0.5922048091888428,0.5388675332069397,-0.11730663478374481,0.6709190011024475,0.6614629030227661,-0.09392746537923813,0.5463264584541321,0.6482653617858887,-0.11481305211782455,0.5728946924209595,0.6154858469963074,-0.09072888642549515,0.6148484349250793,0.6084263324737549,-0.07230465859174728,0.6759470701217651,0.7266097664833069,-0.08877705782651901,0.5749148726463318,0.6968330144882202,-0.10109678655862808,0.5995047688484192,0.6675095558166504,-0.08267701417207718,0.6341168284416199,0.6656073927879333,-0.0688745528459549,0.12901049852371216,0.6919817924499512,1.2985614716853888e-07,0.19967806339263916,0.6183933019638062,0.009232040494680405,0.2879217565059662,0.5862643122673035,-0.009983537718653679,0.34956762194633484,0.6136507391929626,-0.03466009721159935,0.38026532530784607,0.6546277403831482,-0.05955059081315994,0.30597999691963196,0.5155343413352966,-0.0461028590798378,0.3898935616016388,0.4905606210231781,-0.07975832372903824,0.44290173053741455,0.48616862297058105,-0.0991957038640976,0.48252618312835693,0.49031826853752136,-0.1113271415233612,0.285866379737854,0.5614133477210999,-0.07220647484064102,0.38168084621429443,0.676639974117279,-0.10791924595832825,0.3449954092502594,0.6875413656234741,-0.10714155435562134,0.31222957372665405,0.6589035987854004,-0.10366656631231308,0.26099449396133423,0.626795768737793,-0.09594162553548813,0.347654789686203,0.7382020950317383,-0.12270186096429825,0.3078323006629944,0.7302377820014954,-0.10447893291711807,0.2806766927242279,0.6965042352676392,-0.08990361541509628,0.2356862723827362,0.6962652206420898,-0.11916303634643555,0.3143121302127838,0.7745987176895142,-0.1250000298023224,0.2850494086742401,0.7653965950012207,-0.10165450721979141,0.25505968928337097,0.734626829624176,-0.08447802811861038,Q
0.7795393466949463,0.5955026745796204,3.506447399104218e-07,0.7298349142074585,0.49415963888168335,-0.02860790304839611,0.6224995851516724,0.4512516260147095,-0.05100933462381363,0.5346909761428833,0.46379584074020386,-0.0635019987821579,0.47062838077545166,0.4839475452899933,-0.07633931189775467,0.6486499905586243,0.4870136082172394,-0.1039833053946495,0.5270448327064514,0.519203245639801,-0.13431605696678162,0.4714553952217102,0.5144431591033936,-0.1416258066892624,0.4397619962692261,0.5123822689056396,-0.14282019436359406,0.6593972444534302,0.5864392518997192,-0.10106796771287918,0.5159717798233032,0.5893344879150391,-0.13338518142700195,0.5392703413963318,0.5506511926651001,-0.12808562815189362,0.5907961130142212,0.536413311958313,-0.11986048519611359,0.6686098575592041,0.6656161546707153,-0.09423238039016724,0.5436670780181885,0.6495636105537415,-0.1153724417090416,0.5713793635368347,0.615245521068573,-0.09159006923437119,0.6134935021400452,0.6079217791557312,-0.07333315163850784,0.6729810833930969,0.7291917204856873,-0.0885545089840889,0.5717121958732605,0.6982840299606323,-0.10150690376758575,0.5964850187301636,0.6679230332374573,-0.08392465859651566,0.6310219168663025,0.6654590368270874,-0.07061118632555008,0.12686993181705475,0.6932040452957153,1.1070312666561222e-07,0.19691772758960724,0.6191474199295044,0.008996468968689442,0.2854606807231903,0.5864201784133911,-0.008667035028338432,0.34665048122406006,0.6141482591629028,-0.03150542825460434,0.3808324337005615,0.653719961643219,-0.05430658534169197,0.3057677745819092,0.5157899260520935,-0.044790931046009064,0.3885728418827057,0.4933197498321533,-0.07768632471561432,0.4407224655151367,0.48678308725357056,-0.09674570709466934,0.48058396577835083,0.48833006620407104,-0.10871488600969315,0.2854529917240143,0.5609797239303589,-0.0704326406121254,0.3823724687099457,0.6776962876319885,-0.10496146976947784,0.3451955020427704,0.686997652053833,-0.10381243377923965,0.31189167499542236,0.6578489542007446,-0.10018423944711685,0.2601175308227539,0.6256112456321716,-0.09391597658395767,0.34776532649993896,0.7391495704650879,-0.11990214139223099,0.30810144543647766,0.7304055094718933,-0.10216688364744186,0.2809031307697296,0.6962303519248962,-0.08796998113393784,0.23379819095134735,0.6946959495544434,-0.11697959154844284,0.3132941722869873,0.7756455540657043,-0.12241968512535095,0.28496092557907104,0.7658143639564514,-0.09980153292417526,0.25504645705223083,0.7342603802680969,-0.08320412784814835,Q
0.7827420830726624,0.5984482169151306,3.430236290569155e-07,0.7339087128639221,0.49380868673324585,-0.028160326182842255,0.6306647062301636,0.44482123851776123,-0.04976816847920418,0.5447955131530762,0.45861580967903137,-0.061569489538669586,0.4850042462348938,0.48185911774635315,-0.07329349964857101,0.6511707305908203,0.49306634068489075,-0.09988964349031448,0.5303335785865784,0.5236580967903137,-0.1285409927368164,0.475330650806427,0.5201613903045654,-0.13511276245117188,0.4464108943939209,0.520498514175415,-0.1357562243938446,0.6598919630050659,0.5928043723106384,-0.09623734652996063,0.5195834636688232,0.5932851433753967,-0.12533517181873322,0.5397416353225708,0.5543127655982971,-0.11980590224266052,0.5896725654602051,0.5415213704109192,-0.11201882362365723,0.6679414510726929,0.6705023050308228,-0.08887852728366852,0.5454387664794922,0.6511719822883606,-0.10701437294483185,0.5705207586288452,0.6154570579528809,-0.0844758003950119,0.611441969871521,0.6083660125732422,-0.06788109242916107,0.672224760055542,0.7316505908966064,-0.0827656239271164,0.5744338631629944,0.6962872743606567,-0.09380566328763962,0.5972532629966736,0.6653640866279602,-0.07764174789190292,0.6300528645515442,0.6631965041160583,-0.06573057174682617,0.1265174150466919,0.6932851076126099,1.0546330031502293e-07,0.1958918273448944,0.6193995475769043,0.008718096651136875,0.28296852111816406,0.5831575393676758,-0.008348850533366203,0.3438637852668762,0.6058241724967957,-0.030792536213994026,0.3780864477157593,0.6420506238937378,-0.05324442684650421,0.3043956756591797,0.5161266922950745,-0.04193306341767311,0.3869439661502838,0.49286651611328125,-0.0737210139632225,0.4386325180530548,0.4863256812095642,-0.09166497737169266,0.4773358702659607,0.48778191208839417,-0.10291949659585953,0.2853005826473236,0.560782253742218,-0.06704366952180862,0.38241055607795715,0.6788573265075684,-0.10196173191070557,0.3451046049594879,0.6892716884613037,-0.1010732352733612,0.31099939346313477,0.6585983633995056,-0.0970751941204071,0.2609286308288574,0.6252447962760925,-0.0901411846280098,0.34699109196662903,0.7388328909873962,-0.11710081249475479,0.3074139654636383,0.7314478158950806,-0.10030413419008255,0.2801414728164673,0.6959277391433716,-0.08624111860990524,0.2351638376712799,0.6942729949951172,-0.112699493765831,0.3124707341194153,0.7750665545463562,-0.1195087805390358,0.28396278619766235,0.7662950158119202,-0.09803809225559235,0.2544047236442566,0.7340148687362671,-0.08187391608953476,Q
0.7792714238166809,0.5974258780479431,3.288368759513105e-07,0.7291418313980103,0.4945598840713501,-0.027608612552285194,0.6235338449478149,0.44894129037857056,-0.049137137830257416,0.5354937314987183,0.46301260590553284,-0.060773152858018875,0.4743289053440094,0.48511654138565063,-0.07221910357475281,0.6477382779121399,0.48957929015159607,-0.10137739032506943,0.5236266255378723,0.5242795944213867,-0.13029280304908752,0.473175048828125,0.5204719305038452,-0.13608962297439575,0.4501769542694092,0.5189299583435059,-0.135695219039917,0.6579718589782715,0.5897971987724304,-0.09734932333230972,0.5177456140518188,0.5941751599311829,-0.12601791322231293,0.5386804342269897,0.555835485458374,-0.11900544166564941,0.5886629819869995,0.541415274143219,-0.11036032438278198,0.6668092012405396,0.6678904294967651,-0.08963323384523392,0.5456103086471558,0.649837851524353,-0.10719271004199982,0.5711044073104858,0.6156068444252014,-0.08401967585086823,0.6116076707839966,0.6074929237365723,-0.06719069927930832,0.671310544013977,0.7300989627838135,-0.0830502063035965,0.5759090781211853,0.6960669755935669,-0.09341646730899811,0.5985921025276184,0.666074275970459,-0.07720030844211578,0.6301279664039612,0.6632809042930603,-0.06537064164876938,0.12735091149806976,0.693036675453186,1.1788389286948586e-07,0.19603179395198822,0.619666576385498,0.007982163690030575,0.28219151496887207,0.5820566415786743,-0.009051266126334667,0.34271571040153503,0.6015244126319885,-0.03134593740105629,0.3766758441925049,0.6344941854476929,-0.05357417091727257,0.3044207990169525,0.5149499177932739,-0.04153461754322052,0.38777869939804077,0.4919833838939667,-0.07340937107801437,0.43940067291259766,0.48604848980903625,-0.09127860516309738,0.4783010482788086,0.4883480668067932,-0.10244530439376831,0.28532153367996216,0.5592271089553833,-0.0661979466676712,0.3833920359611511,0.678428053855896,-0.10159175843000412,0.34570157527923584,0.6884893178939819,-0.10073696821928024,0.31174466013908386,0.6573480367660522,-0.09651219099760056,0.26103559136390686,0.6233571171760559,-0.0890112891793251,0.3471898138523102,0.737918496131897,-0.11628315597772598,0.3074571490287781,0.7300987243652344,-0.09967216104269028,0.28057363629341125,0.694168210029602,-0.08561044186353683,0.23528046905994415,0.6923098564147949,-0.11136262863874435,0.3122243285179138,0.7739828824996948,-0.11860833317041397,0.2835407853126526,0.7649515867233276,-0.09759354591369629,0.2542075514793396,0.7322195172309875,-0.08165693283081055,Q
0.7804224491119385,0.594212532043457,3.2211119105340913e-07,0.7303594350814819,0.49180376529693604,-0.0274874996393919,0.6233176589012146,0.44817230105400085,-0.04878553748130798,0.5344983339309692,0.4635595679283142,-0.06007642298936844,0.4736713767051697,0.48653483390808105,-0.07167042046785355,0.6506102681159973,0.48905104398727417,-0.10140304267406464,0.5332839488983154,0.5196394920349121,-0.12999461591243744,0.4769947826862335,0.5218256115913391,-0.13636437058448792,0.44521820545196533,0.5275478363037109,-0.13737642765045166,0.6607671976089478,0.5890480279922485,-0.09835302829742432,0.5180491805076599,0.592153787612915,-0.12825244665145874,0.5381800532341003,0.5547018051147461,-0.1223864033818245,0.587689220905304,0.541617214679718,-0.11425891518592834,0.6693090200424194,0.6673462390899658,-0.09124307334423065,0.5446622967720032,0.6498448848724365,-0.11088836938142776,0.5697681903839111,0.6151610016822815,-0.0878479927778244,0.6104081869125366,0.6075548529624939,-0.07048602402210236,0.6736908555030823,0.7298227548599243,-0.08509417623281479,0.5733041763305664,0.6967938542366028,-0.09699015319347382,0.5963347554206848,0.6659919619560242,-0.08020975440740585,0.6294713616371155,0.6628862023353577,-0.06782390922307968,0.12745660543441772,0.6921039819717407,1.2771273816269968e-07,0.19744020700454712,0.6186200380325317,0.007988562807440758,0.2850581109523773,0.5835553407669067,-0.010012481361627579,0.3462581932544708,0.6075308918952942,-0.0332312248647213,0.37762314081192017,0.6448187828063965,-0.056550249457359314,0.30506712198257446,0.5149540901184082,-0.04428877308964729,0.38932108879089355,0.4925276041030884,-0.07729797065258026,0.4413301944732666,0.48854881525039673,-0.0964495837688446,0.4800230860710144,0.49187523126602173,-0.10848576575517654,0.285312682390213,0.5607953667640686,-0.06962243467569351,0.38339895009994507,0.6798402070999146,-0.10531160980463028,0.3465052545070648,0.6902244687080383,-0.1050216406583786,0.31239256262779236,0.6597080826759338,-0.10162349045276642,0.2606252431869507,0.6257181763648987,-0.0929308831691742,0.3470582067966461,0.7390998601913452,-0.11982577294111252,0.30723848938941956,0.7309264540672302,-0.10290585458278656,0.28040415048599243,0.6956520080566406,-0.08898691087961197,0.2350529283285141,0.6948621869087219,-0.11586228013038635,0.3131207227706909,0.7750174403190613,-0.12204436957836151,0.2845143675804138,0.7655279040336609,-0.09988674521446228,0.25488510727882385,0.7337247729301453,-0.08345840126276016,Q
0.781413733959198,0.5952486395835876,3.392656253708992e-07,0.7326123714447021,0.4917069375514984,-0.02896389365196228,0.6265539526939392,0.4450925588607788,-0.05169292539358139,0.539078950881958,0.45845288038253784,-0.06401386857032776,0.48199379444122314,0.4857778549194336,-0.07639996707439423,0.6531045436859131,0.48795461654663086,-0.10514036566019058,0.5319919586181641,0.5157932043075562,-0.1349223107099533,0.4755375385284424,0.5161811709403992,-0.14117573201656342,0.4446312487125397,0.5208722949028015,-0.14155174791812897,0.662948489189148,0.5887725949287415,-0.10144219547510147,0.5172605514526367,0.5909258127212524,-0.1321234107017517,0.5385478138923645,0.5531288981437683,-0.12505529820919037,0.5892431139945984,0.5394384264945984,-0.11561949551105499,0.6707574129104614,0.6674145460128784,-0.09382425993680954,0.5453504323959351,0.6476770043373108,-0.11361978948116302,0.5704783201217651,0.6125499606132507,-0.0901181772351265,0.6110676527023315,0.6048063039779663,-0.07214748859405518,0.673814594745636,0.7296952605247498,-0.08729735016822815,0.572577953338623,0.6954965591430664,-0.09851900488138199,0.5958000421524048,0.6642493605613708,-0.08130264282226562,0.6292805075645447,0.6612679362297058,-0.0686068907380104,0.12763671576976776,0.6901512742042542,1.2178094266346307e-07,0.19923420250415802,0.6176982522010803,0.008920501917600632,0.28779444098472595,0.5839465260505676,-0.00927008781582117,0.34856513142585754,0.6088789105415344,-0.033001042902469635,0.3782503604888916,0.647823691368103,-0.05695004016160965,0.305155485868454,0.5149248242378235,-0.04387284442782402,0.3884952664375305,0.4916233420372009,-0.07659287005662918,0.4402173161506653,0.4869426488876343,-0.09479788690805435,0.478399395942688,0.4905202388763428,-0.10602547973394394,0.2853233516216278,0.5602922439575195,-0.0697542056441307,0.3830876052379608,0.6776217222213745,-0.10520140081644058,0.3455754816532135,0.6877102255821228,-0.10369566082954407,0.3118729889392853,0.656769871711731,-0.0992116704583168,0.26056957244873047,0.6248480677604675,-0.0935841053724289,0.3474820554256439,0.7372795343399048,-0.12052252143621445,0.3072168529033661,0.729307234287262,-0.10292163491249084,0.28015026450157166,0.6940608620643616,-0.08838331699371338,0.23504692316055298,0.6941204071044922,-0.11692296713590622,0.3132985532283783,0.7740015387535095,-0.12299108505249023,0.2844923138618469,0.7647876143455505,-0.10054551810026169,0.25488826632499695,0.7331328392028809,-0.08389390259981155,Q
0.7818602323532104,0.5920340418815613,3.4633464451871987e-07,0.732048511505127,0.4891296625137329,-0.028297875076532364,0.6271632313728333,0.44594305753707886,-0.05192798748612404,0.5398139357566833,0.460855096578598,-0.06533452123403549,0.4807421565055847,0.48612385988235474,-0.07889110594987869,0.6526932120323181,0.4842236638069153,-0.1077820286154747,0.5270898938179016,0.5183649063110352,-0.13801130652427673,0.47259896993637085,0.5183062553405762,-0.14455348253250122,0.44538480043411255,0.5212656259536743,-0.14494429528713226,0.6631396412849426,0.5842821598052979,-0.10451557487249374,0.5180507302284241,0.5913047194480896,-0.13392791152000427,0.5359212160110474,0.5530167818069458,-0.12668476998806,0.5852950215339661,0.5383172035217285,-0.11828223615884781,0.672003984451294,0.6636714339256287,-0.09719458222389221,0.5448368787765503,0.649987518787384,-0.11499129980802536,0.5680440664291382,0.614404022693634,-0.09085895121097565,0.6085195541381836,0.605181872844696,-0.07374713569879532,0.6761257648468018,0.7269101142883301,-0.09104887396097183,0.5746937990188599,0.6968701481819153,-0.10165275633335114,0.5960986018180847,0.665909469127655,-0.08451440930366516,0.6289578080177307,0.6621593832969666,-0.07230523228645325,0.12843164801597595,0.6918898820877075,1.2499675960953027e-07,0.19752027094364166,0.6174895763397217,0.009469603188335896,0.2842303216457367,0.5804656744003296,-0.00822076853364706,0.3447430729866028,0.601148784160614,-0.0313928946852684,0.376399964094162,0.6369599103927612,-0.05475208908319473,0.3049401640892029,0.5135093927383423,-0.043878223747015,0.3897135853767395,0.4915198087692261,-0.07676351070404053,0.4418553113937378,0.4858359396457672,-0.09500815719366074,0.48145604133605957,0.48824602365493774,-0.10632501542568207,0.2856557071208954,0.5583730936050415,-0.06970568001270294,0.38443946838378906,0.6769769787788391,-0.10519938170909882,0.34603258967399597,0.686957597732544,-0.10330977290868759,0.31197068095207214,0.65626460313797,-0.09857094287872314,0.2611537277698517,0.6230483651161194,-0.09340500086545944,0.34861287474632263,0.7364405393600464,-0.12022536993026733,0.3075617253780365,0.7286840677261353,-0.1019577905535698,0.28011390566825867,0.6936953067779541,-0.08706048130989075,0.23555637896060944,0.6926918625831604,-0.1165582537651062,0.3138255774974823,0.7735412120819092,-0.12276363372802734,0.2840702533721924,0.7644901871681213,-0.1002306267619133,0.2542003393173218,0.7324963808059692,-0.08351505547761917,Q
0.7814038395881653,0.5918278098106384,3.6349177889860584e-07,0.7319416999816895,0.4901829659938812,-0.028210721909999847,0.6286966800689697,0.44486168026924133,-0.05218398943543434,0.5427014231681824,0.45637047290802,-0.06597130000591278,0.48374131321907043,0.48321810364723206,-0.08014877885580063,0.651805579662323,0.48468542098999023,-0.10716439038515091,0.5282852053642273,0.517437219619751,-0.13695178925991058,0.47197115421295166,0.5176970362663269,-0.14377419650554657,0.4416106939315796,0.5212003588676453,-0.1446651816368103,0.6626228094100952,0.5842952132225037,-0.10422179847955704,0.5173521041870117,0.5905314087867737,-0.1340196132659912,0.5360041260719299,0.5511524081230164,-0.1273820400238037,0.585939884185791,0.5359128713607788,-0.11911937594413757,0.6719092726707458,0.663776695728302,-0.09708806872367859,0.544680655002594,0.6502396464347839,-0.11560992896556854,0.568210780620575,0.6137867569923401,-0.09167776256799698,0.6091866493225098,0.6042183041572571,-0.07427936047315598,0.6764789819717407,0.7269936800003052,-0.09104470908641815,0.5745874643325806,0.6979272961616516,-0.10225268453359604,0.5960285067558289,0.6659197807312012,-0.08483586460351944,0.629304826259613,0.6614418029785156,-0.07213816046714783,0.12864497303962708,0.6902766227722168,1.2082540479241288e-07,0.1997653841972351,0.6162638068199158,0.008789717219769955,0.28824999928474426,0.5825234651565552,-0.009760070592164993,0.3492650091648102,0.6093518137931824,-0.033800896257162094,0.3789556622505188,0.6513253450393677,-0.05813245102763176,0.3060828447341919,0.5131969451904297,-0.04541287571191788,0.38972872495651245,0.492695152759552,-0.07798559218645096,0.4405468702316284,0.4869050085544586,-0.09656370431184769,0.4797230362892151,0.4884653091430664,-0.10861789435148239,0.2862015664577484,0.5593227744102478,-0.07176865637302399,0.3831804096698761,0.6770859956741333,-0.10677194595336914,0.345167338848114,0.6859974265098572,-0.1053294911980629,0.31162068247795105,0.6557599902153015,-0.10162273049354553,0.2611351013183594,0.6249192357063293,-0.09595295786857605,0.3479602634906769,0.7372183799743652,-0.12232007086277008,0.3074760437011719,0.7285283207893372,-0.10424719750881195,0.28039076924324036,0.6942064166069031,-0.08997540175914764,0.23528817296028137,0.694823145866394,-0.11980815976858139,0.31414178013801575,0.7748113870620728,-0.12555545568466187,0.28498375415802,0.7647507786750793,-0.10287658125162125,0.2548272907733917,0.7337707281112671,-0.08645852655172348,Q
0.7803198099136353,0.5924643874168396,3.4869830756179e-07,0.7308669686317444,0.490251362323761,-0.028049856424331665,0.6266334652900696,0.44692400097846985,-0.05183446407318115,0.5396512746810913,0.4604189097881317,-0.0653146281838417,0.4790588915348053,0.48425203561782837,-0.07903347909450531,0.6519243121147156,0.4849322438240051,-0.11022814363241196,0.5229240655899048,0.5202939510345459,-0.14036475121974945,0.46953284740448,0.5178930759429932,-0.14626608788967133,0.4422053098678589,0.5178826451301575,-0.14617092907428741,0.6621420383453369,0.5845692157745361,-0.10677596181631088,0.5182453989982605,0.5890817642211914,-0.13546858727931976,0.5371198058128357,0.5518783330917358,-0.1267431080341339,0.5857318043708801,0.5385124087333679,-0.11773534119129181,0.6710271835327148,0.6642444729804993,-0.09924964606761932,0.5447856783866882,0.6487141847610474,-0.11582289636135101,0.5690511465072632,0.6140621900558472,-0.09045951813459396,0.6088401675224304,0.6061263084411621,-0.07313819229602814,0.6751276850700378,0.72774338722229,-0.09295643121004105,0.5757043957710266,0.6962094902992249,-0.1028808206319809,0.5977843403816223,0.665705144405365,-0.08531352877616882,0.629661500453949,0.6634117960929871,-0.07313068956136703,0.1296074539422989,0.6902778148651123,1.2548582617455395e-07,0.19926340878009796,0.6189966797828674,0.00890570878982544,0.28716710209846497,0.5863559246063232,-0.009533572942018509,0.3489985167980194,0.6122034788131714,-0.033369142562150955,0.38085752725601196,0.649440348148346,-0.05734458565711975,0.3069004714488983,0.5137726068496704,-0.04519803822040558,0.3927069306373596,0.4905395805835724,-0.07860288769006729,0.4456520676612854,0.486422598361969,-0.09749867022037506,0.4854886829853058,0.4904950261116028,-0.10920864343643188,0.28706154227256775,0.5584869384765625,-0.07104149460792542,0.38368767499923706,0.6776767373085022,-0.10635928064584732,0.34563159942626953,0.6883344650268555,-0.10516864061355591,0.31261715292930603,0.6577000617980957,-0.10142738372087479,0.26211297512054443,0.6228824257850647,-0.09473853558301926,0.3484606146812439,0.7372316122055054,-0.12178906053304672,0.3076784312725067,0.7293536067008972,-0.10400452464818954,0.28101709485054016,0.6938002705574036,-0.08974069356918335,0.23638495802879333,0.6917414665222168,-0.1178930327296257,0.31422358751296997,0.7731176614761353,-0.12435492873191833,0.2846960723400116,0.7644411325454712,-0.1016598492860794,0.25496506690979004,0.7322444915771484,-0.0849548876285553,Q
0.7816579341888428,0.592582106590271,3.506631571781327e-07,0.7326211929321289,0.48962149024009705,-0.028077688068151474,0.6282404065132141,0.44577911496162415,-0.05111470818519592,0.5417706370353699,0.4613831043243408,-0.06404329836368561,0.48237305879592896,0.48351824283599854,-0.07709042727947235,0.652095377445221,0.48665398359298706,-0.10560702532529831,0.5262207388877869,0.5213965177536011,-0.1350724995136261,0.47167259454727173,0.5182121992111206,-0.14139428734779358,0.44382935762405396,0.5176324248313904,-0.14169274270534515,0.6619436144828796,0.5863317847251892,-0.10223972052335739,0.5187474489212036,0.5902066230773926,-0.13106968998908997,0.5375481247901917,0.5525214076042175,-0.12380765378475189,0.5871837139129639,0.5397744178771973,-0.11531318724155426,0.6708966493606567,0.6651141047477722,-0.09494953602552414,0.5452936887741089,0.649478554725647,-0.11224183440208435,0.5689568519592285,0.6138721704483032,-0.08829610049724579,0.6092703938484192,0.6060541272163391,-0.07135830074548721,0.6754793524742126,0.7276411056518555,-0.08885086327791214,0.5756605863571167,0.6962127685546875,-0.09936311095952988,0.5971943736076355,0.664792537689209,-0.082394540309906,0.6295437812805176,0.6622118353843689,-0.07026872038841248,0.12913073599338531,0.6927084922790527,1.1967067337081971e-07,0.19879505038261414,0.6188133955001831,0.009196853265166283,0.286058247089386,0.5857201814651489,-0.00947719719260931,0.3479793071746826,0.6124891042709351,-0.0334169939160347,0.37988659739494324,0.6518396735191345,-0.05757724493741989,0.30670812726020813,0.514900803565979,-0.04767089709639549,0.39301565289497375,0.49053001403808594,-0.08145582675933838,0.446980357170105,0.4862791895866394,-0.10020569711923599,0.48728686571121216,0.4901115298271179,-0.11160892993211746,0.2865535318851471,0.5602729320526123,-0.07364772260189056,0.3831469714641571,0.6769765019416809,-0.10814505815505981,0.3453212380409241,0.6876749396324158,-0.10559983551502228,0.3119979202747345,0.6573477387428284,-0.10114700347185135,0.26166290044784546,0.6249475479125977,-0.09742085635662079,0.34820133447647095,0.7378856539726257,-0.12386532872915268,0.3079286217689514,0.7305293083190918,-0.10539020597934723,0.280780166387558,0.6960740685462952,-0.09078812599182129,0.23602518439292908,0.6942026615142822,-0.1206577867269516,0.313673198223114,0.7742795348167419,-0.12597545981407166,0.284673273563385,0.7657833695411682,-0.10253244638442993,0.25415483117103577,0.7347341775894165,-0.08547740429639816,Q
0.7834455966949463,0.5940185189247131,3.4948217830788053e-07,0.7339295744895935,0.4896883964538574,-0.028403393924236298,0.6293560862541199,0.44326573610305786,-0.05140041559934616,0.5429993867874146,0.4591027498245239,-0.0640903115272522,0.4853995442390442,0.48300278186798096,-0.07678090035915375,0.655137836933136,0.48804906010627747,-0.10569699853658676,0.5314398407936096,0.5198391079902649,-0.13526053726673126,0.47616374492645264,0.5185855627059937,-0.14173071086406708,0.4475361108779907,0.5211732387542725,-0.14223693311214447,0.664604127407074,0.588158369064331,-0.10218227654695511,0.5205562710762024,0.5908240675926208,-0.13171201944351196,0.5394764542579651,0.5524014830589294,-0.12502071261405945,0.5894933938980103,0.5397249460220337,-0.11659364402294159,0.672828733921051,0.6663463115692139,-0.09462367743253708,0.5470365881919861,0.6503105163574219,-0.11236096918582916,0.5702229738235474,0.6136597394943237,-0.08863545954227448,0.6109655499458313,0.605480968952179,-0.07158388197422028,0.6770268082618713,0.7284154891967773,-0.08826710283756256,0.5769094228744507,0.697260856628418,-0.09870783984661102,0.598387598991394,0.6650724411010742,-0.08172045648097992,0.6313272714614868,0.6621617078781128,-0.06954413652420044,0.12815223634243011,0.6934089660644531,1.0552719231782248e-07,0.19890159368515015,0.6197966933250427,0.00957830622792244,0.286545991897583,0.5860501527786255,-0.008642963133752346,0.34843939542770386,0.6125935316085815,-0.03226526454091072,0.38055241107940674,0.6520826816558838,-0.05605239421129227,0.30726513266563416,0.5159488916397095,-0.04607151076197624,0.3925456404685974,0.49166780710220337,-0.07928021252155304,0.44607433676719666,0.4872018098831177,-0.0979895293712616,0.48586970567703247,0.4902549982070923,-0.10951147228479385,0.28763362765312195,0.560766339302063,-0.07213075459003448,0.38341277837753296,0.6766189336776733,-0.10597772151231766,0.34609588980674744,0.6885462999343872,-0.10375916212797165,0.31297317147254944,0.6594141125679016,-0.09966782480478287,0.2629186809062958,0.6253269910812378,-0.09599729627370834,0.34820038080215454,0.7374550104141235,-0.12168192118406296,0.3080586791038513,0.7305589914321899,-0.10358885675668716,0.2812514901161194,0.696450412273407,-0.08940782397985458,0.23738867044448853,0.6949133276939392,-0.11934841424226761,0.31511494517326355,0.7744302749633789,-0.12417998164892197,0.2865523099899292,0.7663791179656982,-0.10090275853872299,0.25636962056159973,0.7359688878059387,-0.08402794599533081,Q
0.7844893932342529,0.5953183770179749,3.666984582650912e-07,0.73349928855896,0.49064889550209045,-0.029914744198322296,0.629760205745697,0.4430522322654724,-0.05328744649887085,0.5447220802307129,0.45675885677337646,-0.06581105291843414,0.48727738857269287,0.482277512550354,-0.07846212387084961,0.6554740071296692,0.48958849906921387,-0.10659077018499374,0.5391697287559509,0.5182065963745117,-0.1365666538476944,0.48082900047302246,0.5180873274803162,-0.14416766166687012,0.44689226150512695,0.5229681134223938,-0.14595909416675568,0.6649522185325623,0.5906191468238831,-0.10277073830366135,0.5214371681213379,0.5911853313446045,-0.13406042754650116,0.5424371957778931,0.55092453956604,-0.12860919535160065,0.5935786962509155,0.5370923280715942,-0.12042379379272461,0.6730899810791016,0.6690362095832825,-0.09478843212127686,0.5475589632987976,0.6513651013374329,-0.11472084373235703,0.5727761387825012,0.6142968535423279,-0.0912608727812767,0.6144183874130249,0.6061111092567444,-0.07355783879756927,0.6773766279220581,0.7301205396652222,-0.08803251385688782,0.5760791897773743,0.6985719203948975,-0.09976585954427719,0.5994898676872253,0.6667835116386414,-0.08238708972930908,0.6336923837661743,0.6639003753662109,-0.06955241411924362,0.12877589464187622,0.6920963525772095,1.0876675560211879e-07,0.20083171129226685,0.6193853616714478,0.009367570281028748,0.28932899236679077,0.5870106816291809,-0.009325721301138401,0.35050883889198303,0.614172637462616,-0.033706679940223694,0.38168013095855713,0.6542079448699951,-0.05821308493614197,0.30674874782562256,0.5153707265853882,-0.04388171806931496,0.3907826542854309,0.4918355941772461,-0.07628830522298813,0.4428459405899048,0.4872457981109619,-0.09482277929782867,0.4815037250518799,0.48997798562049866,-0.1066061481833458,0.28690794110298157,0.560935378074646,-0.06994377821683884,0.38208702206611633,0.6767968535423279,-0.1049942895770073,0.34513935446739197,0.687278687953949,-0.10411836951971054,0.31238797307014465,0.6568018198013306,-0.10066866129636765,0.2623317241668701,0.6259486675262451,-0.09377288073301315,0.34809496998786926,0.7375165224075317,-0.12015492469072342,0.3084184527397156,0.7301728129386902,-0.10237777233123779,0.28155815601348877,0.6955395340919495,-0.08820237219333649,0.237313374876976,0.6952237486839294,-0.11712326109409332,0.3153976798057556,0.7746133804321289,-0.12296594679355621,0.28688541054725647,0.7661165595054626,-0.10041068494319916,0.25762277841567993,0.7351649403572083,-0.08386208117008209,Q
0.7820688486099243,0.5932700037956238,3.6380401979840826e-07,0.7319044470787048,0.489400178194046,-0.030288703739643097,0.6261225342750549,0.4420233964920044,-0.05460762232542038,0.5397443771362305,0.45648449659347534,-0.06823442876338959,0.482474148273468,0.4826408922672272,-0.08168642222881317,0.6558064222335815,0.48690396547317505,-0.1090264618396759,0.5329796671867371,0.5170890688896179,-0.14054714143276215,0.4771949052810669,0.517065703868866,-0.1475258767604828,0.44908520579338074,0.5207022428512573,-0.147854745388031,0.6666518449783325,0.5878660082817078,-0.10508906096220016,0.5198347568511963,0.5903964042663574,-0.13698945939540863,0.5391096472740173,0.5506975054740906,-0.13023297488689423,0.5895941257476807,0.5353243947029114,-0.1209840476512909,0.6746784448623657,0.665947437286377,-0.09726063907146454,0.5470954179763794,0.6452756524085999,-0.1179334744811058,0.5717273950576782,0.6092718839645386,-0.09406296163797379,0.6126417517662048,0.6007654070854187,-0.07572069019079208,0.6776314973831177,0.7272014617919922,-0.09063359349966049,0.5752080082893372,0.6925873756408691,-0.10228251665830612,0.5975077748298645,0.6606727838516235,-0.08486401289701462,0.6308162808418274,0.6575560569763184,-0.07193614542484283,0.13050486147403717,0.6905590891838074,1.2651454994738742e-07,0.20159925520420074,0.618867814540863,0.009077162481844425,0.2898920774459839,0.5866358876228333,-0.009952094405889511,0.35131776332855225,0.6140187978744507,-0.03461279347538948,0.3824378550052643,0.653239369392395,-0.05950117111206055,0.30730342864990234,0.5131712555885315,-0.044287510216236115,0.39140862226486206,0.4893118143081665,-0.07767049223184586,0.44432532787323,0.4849379062652588,-0.09702807664871216,0.48432689905166626,0.4878276586532593,-0.10935264080762863,0.28731271624565125,0.5588219165802002,-0.07063337415456772,0.3830238878726959,0.6746460199356079,-0.10689176619052887,0.3451393246650696,0.6854969263076782,-0.10646083205938339,0.31192243099212646,0.6549522280693054,-0.10314063727855682,0.26227641105651855,0.6238734722137451,-0.09479029476642609,0.3488049805164337,0.7355678677558899,-0.12231495976448059,0.30819135904312134,0.7284196019172668,-0.10411294549703598,0.28108224272727966,0.6932773590087891,-0.08948370814323425,0.23650427162647247,0.6930313110351562,-0.11846901476383209,0.3149493634700775,0.77217036485672,-0.12539301812648773,0.2854948043823242,0.7638082504272461,-0.10253489762544632,0.25613799691200256,0.7321049571037292,-0.0856747105717659,Q
0.7831128835678101,0.5969662666320801,3.546414291122346e-07,0.7341707944869995,0.4930016100406647,-0.029442820698022842,0.6302277445793152,0.44359809160232544,-0.0532415546476841,0.5444375872612,0.4545145034790039,-0.0664316788315773,0.4870191514492035,0.48045021295547485,-0.07969077676534653,0.6543336510658264,0.4862075448036194,-0.10876388102769852,0.5310639142990112,0.5170491933822632,-0.13956019282341003,0.47462430596351624,0.5168467164039612,-0.14636293053627014,0.4457496404647827,0.5205249786376953,-0.14673858880996704,0.6643518805503845,0.586976170539856,-0.10495301336050034,0.5202049016952515,0.5905991792678833,-0.135496124625206,0.5403308868408203,0.551293134689331,-0.12822648882865906,0.5912473201751709,0.5365264415740967,-0.11907871812582016,0.6728485822677612,0.6657764315605164,-0.09719432890415192,0.5476217865943909,0.6477075219154358,-0.11628581583499908,0.5728782415390015,0.6121615171432495,-0.0920400321483612,0.6141082048416138,0.6044186353683472,-0.0741281658411026,0.6769559979438782,0.7280191779136658,-0.09066019207239151,0.5767016410827637,0.6949082612991333,-0.1017722561955452,0.5995351076126099,0.6636921763420105,-0.08433709293603897,0.6329657435417175,0.6613743901252747,-0.07161400467157364,0.1290595382452011,0.6877440810203552,1.297171650094242e-07,0.20027104020118713,0.6146902441978455,0.008682738989591599,0.28909602761268616,0.5836605429649353,-0.010172616690397263,0.3509052097797394,0.6115453839302063,-0.03436770662665367,0.3815850019454956,0.6521857976913452,-0.05877162516117096,0.3071940243244171,0.5131877064704895,-0.04641459509730339,0.3923434615135193,0.4899475574493408,-0.0803326740860939,0.44630011916160583,0.48601096868515015,-0.10002345591783524,0.48727381229400635,0.48964983224868774,-0.11245499551296234,0.28735265135765076,0.5598703622817993,-0.0727490708231926,0.3829782009124756,0.6757228374481201,-0.1083948090672493,0.34565240144729614,0.6847527623176575,-0.1075037494301796,0.3126027286052704,0.6540951132774353,-0.1041562408208847,0.2622496485710144,0.625296413898468,-0.0969080924987793,0.34839117527008057,0.7369179129600525,-0.1235908567905426,0.30827826261520386,0.7278533577919006,-0.10540671646595001,0.28137722611427307,0.6929720640182495,-0.09105878323316574,0.2365017533302307,0.6944522857666016,-0.12073629349470139,0.31451424956321716,0.7736104726791382,-0.12659120559692383,0.2853962182998657,0.7636306285858154,-0.1034892126917839,0.2552735209465027,0.731989324092865,-0.08665023744106293,Q
0.785631000995636,0.5934800505638123,3.390825895621674e-07,0.7384207844734192,0.4914062023162842,-0.027298832312226295,0.637536346912384,0.44107794761657715,-0.05004819482564926,0.5536576509475708,0.4480646550655365,-0.06318043172359467,0.4935758709907532,0.47230106592178345,-0.0765925869345665,0.6582397818565369,0.4838154911994934,-0.10055992752313614,0.5404351949691772,0.5128443837165833,-0.13008393347263336,0.4805248975753784,0.5135809183120728,-0.13765567541122437,0.44541025161743164,0.5187985301017761,-0.13912250101566315,0.6671844124794006,0.5818150639533997,-0.09856721758842468,0.5197120308876038,0.5856267213821411,-0.1298786699771881,0.5399003624916077,0.5481384992599487,-0.12501855194568634,0.5915011167526245,0.5350012183189392,-0.11667604744434357,0.6748189330101013,0.6598527431488037,-0.09252777695655823,0.546394407749176,0.6443494558334351,-0.11337979882955551,0.5708156228065491,0.6103264689445496,-0.09035205096006393,0.6123378872871399,0.6024465560913086,-0.07205980271100998,0.6781701445579529,0.7224024534225464,-0.08741861581802368,0.5732647776603699,0.6930978894233704,-0.09947693347930908,0.5965021252632141,0.6630932092666626,-0.08134272694587708,0.6321545839309692,0.6596759557723999,-0.06744852662086487,0.12856964766979218,0.6911298632621765,1.238946509829475e-07,0.199487566947937,0.6171945929527283,0.010205581784248352,0.28874310851097107,0.5846295952796936,-0.008289017714560032,0.350575715303421,0.6111209392547607,-0.0325944684445858,0.3813982307910919,0.6495778560638428,-0.05707725137472153,0.307555228471756,0.5123445391654968,-0.042988378554582596,0.3902023732662201,0.4874354898929596,-0.07616394758224487,0.4425806999206543,0.48447632789611816,-0.09517896920442581,0.4816092848777771,0.49030163884162903,-0.1069997251033783,0.2875474691390991,0.5576614141464233,-0.06953489035367966,0.3839762806892395,0.6748436093330383,-0.10537713766098022,0.3464367389678955,0.6855031251907349,-0.1045738160610199,0.31363582611083984,0.6554046869277954,-0.1007213369011879,0.2626173794269562,0.6223446130752563,-0.09384748339653015,0.3488011360168457,0.7351881265640259,-0.12037118524312973,0.3085401952266693,0.7270475625991821,-0.10207368433475494,0.281828373670578,0.6919589638710022,-0.0873691514134407,0.2368439882993698,0.6910702586174011,-0.11761534959077835,0.3148837685585022,0.7711369395256042,-0.12323065102100372,0.28548529744148254,0.7620922327041626,-0.10016512125730515,0.2565283179283142,0.7301439642906189,-0.08322180807590485,Q
0.7833365797996521,0.5942847728729248,3.469648959253391e-07,0.7335871458053589,0.4901711940765381,-0.03226906433701515,0.6241822242736816,0.4470300078392029,-0.05699761584401131,0.5328752398490906,0.46158599853515625,-0.06984893232584,0.4696434736251831,0.4864221513271332,-0.08319695293903351,0.656284511089325,0.4821654260158539,-0.11562119424343109,0.5361912250518799,0.5060762763023376,-0.14725907146930695,0.4757993817329407,0.50534987449646,-0.15474961698055267,0.4368366599082947,0.5118107795715332,-0.15679700672626495,0.6662500500679016,0.5842899680137634,-0.11130610853433609,0.519557774066925,0.58356112241745,-0.14359082281589508,0.5440251231193542,0.5448890328407288,-0.13623027503490448,0.5956783294677734,0.5327998995780945,-0.12741222977638245,0.6747299432754517,0.6643407344818115,-0.10265802592039108,0.5463334918022156,0.6452417969703674,-0.12364091724157333,0.575258731842041,0.6094830632209778,-0.09739183634519577,0.6175822019577026,0.603421151638031,-0.07820994406938553,0.6788504123687744,0.7274156808853149,-0.09536276012659073,0.5756786465644836,0.695418119430542,-0.10779517889022827,0.6012052893638611,0.664520800113678,-0.08886057883501053,0.6361114382743835,0.6639110445976257,-0.07539259642362595,0.12950314581394196,0.6892364025115967,1.1788615239538558e-07,0.20019730925559998,0.6163730025291443,0.008787513710558414,0.2887144386768341,0.5836641192436218,-0.009337243624031544,0.350477933883667,0.6113866567611694,-0.03289499506354332,0.3832073211669922,0.6517000794410706,-0.05655496194958687,0.30778050422668457,0.5107141733169556,-0.04361767694354057,0.39158523082733154,0.4887199103832245,-0.07591700553894043,0.44335511326789856,0.4842715859413147,-0.09472201764583588,0.48245030641555786,0.4874582290649414,-0.10679914802312851,0.28756478428840637,0.5556878447532654,-0.06940142810344696,0.3838289678096771,0.6739493608474731,-0.10416802763938904,0.34688639640808105,0.6847749948501587,-0.10373798757791519,0.3142210841178894,0.6547712683677673,-0.10077217221260071,0.26246869564056396,0.6205636262893677,-0.09300242364406586,0.3495224416255951,0.7342067360877991,-0.1191883385181427,0.3094619810581207,0.7263662219047546,-0.10175583511590958,0.2824189364910126,0.6913766264915466,-0.08796469867229462,0.23665276169776917,0.6898524165153503,-0.11620885133743286,0.3150651752948761,0.7701927423477173,-0.12237311899662018,0.2858847677707672,0.7612271308898926,-0.10015608370304108,0.25612854957580566,0.7296530604362488,-0.08386699855327606,Q
0.7855393886566162,0.5912376046180725,3.362092684255913e-07,0.7368233799934387,0.4896343946456909,-0.028049303218722343,0.6332060098648071,0.4420870542526245,-0.05144217237830162,0.5476676225662231,0.45348769426345825,-0.0647396668791771,0.49083420634269714,0.4797428250312805,-0.07856334745883942,0.6564325094223022,0.48092740774154663,-0.10468973964452744,0.5385823845863342,0.5099124312400818,-0.1346721351146698,0.48041972517967224,0.5097387433052063,-0.14229261875152588,0.4465963840484619,0.5141111016273499,-0.14391732215881348,0.6664670705795288,0.5805231332778931,-0.10217743366956711,0.5207923650741577,0.5865672826766968,-0.13276483118534088,0.5417131185531616,0.5497221350669861,-0.1269257813692093,0.5930301547050476,0.5366532802581787,-0.11873743683099747,0.6748354434967041,0.6599632501602173,-0.09552599489688873,0.5469555258750916,0.6456087827682495,-0.1156444400548935,0.5722253918647766,0.6117646098136902,-0.0919552594423294,0.6141077280044556,0.6044116020202637,-0.0739382728934288,0.6787429451942444,0.7237826585769653,-0.08988099545240402,0.5746412873268127,0.6945089101791382,-0.10157214105129242,0.5980128049850464,0.6641852855682373,-0.08347997069358826,0.6329556107521057,0.6614549160003662,-0.07009871304035187,0.13064886629581451,0.6879987120628357,1.1530691068628585e-07,0.20183834433555603,0.6153510212898254,0.009065340273082256,0.2911089360713959,0.584661066532135,-0.009205113165080547,0.3530242443084717,0.6131712794303894,-0.03279845789074898,0.38413214683532715,0.6539567708969116,-0.05652361363172531,0.3090345561504364,0.5109352469444275,-0.04516091197729111,0.39293935894966125,0.4887511730194092,-0.07764694094657898,0.4445846676826477,0.48395639657974243,-0.09662938863039017,0.4837719202041626,0.4867944121360779,-0.10889524966478348,0.28848665952682495,0.5567061305046082,-0.07141950726509094,0.38376134634017944,0.6745365262031555,-0.10605335980653763,0.34708842635154724,0.684141993522644,-0.1054336354136467,0.31460535526275635,0.6546822190284729,-0.10261160880327225,0.2628973126411438,0.6220093369483948,-0.09536705911159515,0.34899693727493286,0.7357292771339417,-0.12112458050251007,0.30939847230911255,0.7262924909591675,-0.10340303182601929,0.2829335927963257,0.6916593909263611,-0.08971768617630005,0.23676003515720367,0.6910990476608276,-0.11896270513534546,0.31479716300964355,0.7713363766670227,-0.12461084872484207,0.2857896387577057,0.7609091997146606,-0.10200392454862595,0.2559182941913605,0.729306697845459,-0.08566486835479736,Q
0.783233106136322,0.5905830264091492,3.2214484235737473e-07,0.7342373728752136,0.4877988398075104,-0.0285902488976717,0.6279446482658386,0.44574272632598877,-0.05235421285033226,0.5394074320793152,0.45902353525161743,-0.06553754955530167,0.4764750301837921,0.4797348380088806,-0.07929668575525284,0.6558676958084106,0.47969168424606323,-0.11001979559659958,0.5353283882141113,0.5088611245155334,-0.14095884561538696,0.4788346588611603,0.5094974637031555,-0.14822502434253693,0.44713640213012695,0.5160134434700012,-0.14948605000972748,0.6659107208251953,0.5803971886634827,-0.10692570358514786,0.5200749635696411,0.5849030017852783,-0.1373618245124817,0.5411821007728577,0.5470119118690491,-0.13024431467056274,0.5923622250556946,0.5342159867286682,-0.12189316004514694,0.6746097207069397,0.6600881218910217,-0.09950333088636398,0.5473660826683044,0.6447687149047852,-0.11905690282583237,0.5733733177185059,0.6093616485595703,-0.09407016634941101,0.6153736710548401,0.602174699306488,-0.07601217180490494,0.6787652969360352,0.7238067388534546,-0.09309971332550049,0.5757731795310974,0.6943783164024353,-0.10504227876663208,0.5994621515274048,0.6630128026008606,-0.08682593703269958,0.6340739130973816,0.6604053378105164,-0.07372986525297165,0.13123789429664612,0.6875748038291931,1.314555078124613e-07,0.2022695541381836,0.6141654849052429,0.008211805485188961,0.2922043204307556,0.5835391283035278,-0.010711723007261753,0.3540557622909546,0.6126601099967957,-0.034852538257837296,0.38425588607788086,0.6551830768585205,-0.0591236911714077,0.3086331784725189,0.5119943618774414,-0.04629310220479965,0.39378172159194946,0.4886772036552429,-0.07890632003545761,0.4462079405784607,0.48234355449676514,-0.09779269248247147,0.4862547516822815,0.484050989151001,-0.11007363349199295,0.2881768047809601,0.5578193664550781,-0.07210058718919754,0.3846409022808075,0.6734980940818787,-0.10764449834823608,0.34767085313796997,0.6829145550727844,-0.10705994069576263,0.3149260878562927,0.6540350317955017,-0.10394100099802017,0.26301902532577515,0.6232719421386719,-0.09554565697908401,0.35030144453048706,0.7351039052009583,-0.12160449475049973,0.31074726581573486,0.7258822917938232,-0.10330137610435486,0.28394705057144165,0.6922785043716431,-0.08903463929891586,0.2374357432126999,0.6925268769264221,-0.1187242791056633,0.31633901596069336,0.7713077664375305,-0.12427876889705658,0.28713634610176086,0.7607788443565369,-0.10130326449871063,0.2570456564426422,0.7297288775444031,-0.08469955623149872,Q
0.785293459892273,0.5981943011283875,3.1017322044135653e-07,0.7389293909072876,0.49306192994117737,-0.026975054293870926,0.6366797089576721,0.4443320035934448,-0.048867661505937576,0.5511310696601868,0.45506060123443604,-0.06126546859741211,0.4902988076210022,0.4737512171268463,-0.07386911660432816,0.6556896567344666,0.4822958707809448,-0.10200930386781693,0.5296069979667664,0.5154962539672852,-0.13177141547203064,0.476073294878006,0.5130205154418945,-0.13939538598060608,0.45106950402259827,0.5144538879394531,-0.1402684897184372,0.6641408205032349,0.5813019275665283,-0.0987333133816719,0.5246259570121765,0.5859784483909607,-0.12627626955509186,0.5431618094444275,0.5500336289405823,-0.1196955069899559,0.592619776725769,0.5382285118103027,-0.11226017028093338,0.6726590394973755,0.6605551838874817,-0.09176073223352432,0.5498734712600708,0.6455984115600586,-0.10778902471065521,0.5731658339500427,0.6126487255096436,-0.08424275368452072,0.6136689186096191,0.6060310006141663,-0.06816663593053818,0.6773850917816162,0.7247501015663147,-0.08603265881538391,0.5793262720108032,0.6936435699462891,-0.09580574184656143,0.6012343168258667,0.664495587348938,-0.0787217766046524,0.6342038512229919,0.6627551317214966,-0.06667544692754745,0.13114486634731293,0.6870255470275879,1.1562813995169563e-07,0.2028324455022812,0.6152336001396179,0.008151605725288391,0.2920970022678375,0.5830811858177185,-0.010167847387492657,0.3537314534187317,0.6099453568458557,-0.03375246375799179,0.38463205099105835,0.6503663659095764,-0.057474929839372635,0.31011930108070374,0.5124066472053528,-0.04500405490398407,0.39468619227409363,0.4885145425796509,-0.07727599143981934,0.4465855062007904,0.4811454713344574,-0.0958017036318779,0.4863234758377075,0.4814533591270447,-0.10778755694627762,0.2903641164302826,0.5565404891967773,-0.07041671127080917,0.3857894837856293,0.6747382283210754,-0.10566990077495575,0.3485707938671112,0.6855003833770752,-0.10527560114860535,0.31605973839759827,0.6557745933532715,-0.10210111737251282,0.2654135525226593,0.6210892796516418,-0.09353147447109222,0.3507721722126007,0.7346336841583252,-0.12006433308124542,0.31067875027656555,0.7264831066131592,-0.10275426506996155,0.2840766906738281,0.6916885375976562,-0.08880486339330673,0.23969417810440063,0.6904152035713196,-0.11627747863531113,0.3168638348579407,0.7712332606315613,-0.12238966673612595,0.287942498922348,0.7619379758834839,-0.10019165277481079,0.2585824131965637,0.7305495142936707,-0.08387018740177155,Q
0.7850774526596069,0.5963100790977478,3.410930560221459e-07,0.7373971939086914,0.4905771017074585,-0.03169878572225571,0.6315019726753235,0.44555336236953735,-0.05648735910654068,0.5429691076278687,0.4593524634838104,-0.07020273059606552,0.48121577501296997,0.48305779695510864,-0.08457671850919724,0.6589856743812561,0.4785935878753662,-0.10897240042686462,0.5425575971603394,0.5059406161308289,-0.14079758524894714,0.48317381739616394,0.5069552659988403,-0.15087097883224487,0.4469642639160156,0.5146398544311523,-0.1545858085155487,0.6681084036827087,0.5797550678253174,-0.10558871924877167,0.5230101346969604,0.5835594534873962,-0.1371978223323822,0.5436906814575195,0.5474277138710022,-0.13262957334518433,0.5946891903877258,0.536920964717865,-0.12590360641479492,0.6764696836471558,0.6608695387840271,-0.09825417399406433,0.547900915145874,0.644707202911377,-0.11937578022480011,0.5728253722190857,0.609177827835083,-0.09541518986225128,0.6146290302276611,0.6028873920440674,-0.0776572972536087,0.680985152721405,0.7256655097007751,-0.09228581935167313,0.5780948996543884,0.6943240761756897,-0.10571516305208206,0.6007638573646545,0.6614254713058472,-0.08761382848024368,0.6355464458465576,0.6596024036407471,-0.07433081418275833,0.1307402402162552,0.6882185935974121,1.0106762715622608e-07,0.20293796062469482,0.6152893900871277,0.010303996503353119,0.2920371890068054,0.5827949047088623,-0.007575321942567825,0.353499174118042,0.6102173924446106,-0.031185491010546684,0.383587121963501,0.65199214220047,-0.05502849817276001,0.3098618984222412,0.5118343830108643,-0.04290320351719856,0.3925839066505432,0.48774632811546326,-0.07437019050121307,0.44424378871917725,0.48124071955680847,-0.09246227890253067,0.4835106134414673,0.48301565647125244,-0.10419914126396179,0.2903638184070587,0.5554216504096985,-0.06931404024362564,0.3851247727870941,0.6731592416763306,-0.1032257005572319,0.34788036346435547,0.6847009658813477,-0.10211073607206345,0.3154725134372711,0.6555181741714478,-0.09874635934829712,0.26544657349586487,0.6199209690093994,-0.09329637885093689,0.35080406069755554,0.7327989339828491,-0.11859574913978577,0.31052058935165405,0.7252721786499023,-0.10070215165615082,0.28361159563064575,0.6908612251281738,-0.0867631733417511,0.23953378200531006,0.6895152926445007,-0.11675629764795303,0.31711968779563904,0.7697553038597107,-0.12191653251647949,0.2880101203918457,0.7607651352882385,-0.09923259168863297,0.25824475288391113,0.7296437621116638,-0.08282691240310669,Q
0.7840915322303772,0.5954890847206116,3.3872703397719306e-07,0.7359488010406494,0.491031289100647,-0.030568158254027367,0.6303831338882446,0.44706815481185913,-0.054597727954387665,0.5425987243652344,0.46015873551368713,-0.0678497776389122,0.48187702894210815,0.4851500689983368,-0.08179455250501633,0.6578935980796814,0.4786868989467621,-0.10696405917406082,0.5419074296951294,0.5056184530258179,-0.13806812465190887,0.48181527853012085,0.5075394511222839,-0.14785058796405792,0.4443061649799347,0.516575813293457,-0.15151268243789673,0.6670297384262085,0.5793880820274353,-0.10379177331924438,0.5229729413986206,0.5838161110877991,-0.13495440781116486,0.5440552830696106,0.547865629196167,-0.13029561936855316,0.5950630903244019,0.5367693901062012,-0.12344913184642792,0.6754971742630005,0.6603577136993408,-0.09658504277467728,0.5478037595748901,0.6453650593757629,-0.11727452278137207,0.5729497075080872,0.610175609588623,-0.09336604923009872,0.6148776412010193,0.6034016609191895,-0.07559695839881897,0.6800972819328308,0.7249369025230408,-0.09068725258111954,0.5776478052139282,0.6945627927780151,-0.10367747396230698,0.6003921627998352,0.662039041519165,-0.08552390336990356,0.6352330446243286,0.6595936417579651,-0.07219988107681274,0.13162481784820557,0.6878114342689514,1.1234291719119938e-07,0.20329450070858002,0.6153349280357361,0.009628186002373695,0.29181748628616333,0.5823630094528198,-0.008318671025335789,0.3527286648750305,0.6093811988830566,-0.03188204765319824,0.38317662477493286,0.6508787870407104,-0.055731240659952164,0.3097139894962311,0.5113999247550964,-0.04342025890946388,0.39305952191352844,0.48718369007110596,-0.07502549886703491,0.4446837902069092,0.48057013750076294,-0.09327642619609833,0.484127938747406,0.48197564482688904,-0.10518597811460495,0.2901805639266968,0.5551475286483765,-0.06954813748598099,0.38547539710998535,0.6719028353691101,-0.10370849817991257,0.3486284017562866,0.683322012424469,-0.10293342918157578,0.3161277770996094,0.6542624235153198,-0.0998525395989418,0.26523900032043457,0.6198217868804932,-0.09326744079589844,0.3512742221355438,0.7321557998657227,-0.11886118352413177,0.31114068627357483,0.7245396971702576,-0.10116107761859894,0.2840229272842407,0.6900525093078613,-0.08733299374580383,0.23931795358657837,0.6893318891525269,-0.1165134534239769,0.317057728767395,0.7687942981719971,-0.12222474068403244,0.2877040207386017,0.7597917318344116,-0.09973239153623581,0.2578137218952179,0.7287027835845947,-0.08340664207935333,Q
0.7842833995819092,0.5984054803848267,3.1236459108185954e-07,0.7369164824485779,0.49500107765197754,-0.03055240772664547,0.6308275461196899,0.4491230845451355,-0.05354146286845207,0.5420569777488708,0.4621880352497101,-0.06592435389757156,0.4788563847541809,0.48786550760269165,-0.07892561703920364,0.6573395133018494,0.47740381956100464,-0.1032535508275032,0.541922926902771,0.5053298473358154,-0.13379500806331635,0.4830012321472168,0.5066879391670227,-0.14308881759643555,0.44624918699264526,0.5138257741928101,-0.14639334380626678,0.6660497784614563,0.5774708390235901,-0.10006335377693176,0.5233435034751892,0.5826654434204102,-0.13139986991882324,0.5461328029632568,0.5489956736564636,-0.12688027322292328,0.5972813367843628,0.5383257865905762,-0.11987701058387756,0.6742996573448181,0.658924400806427,-0.09324425458908081,0.5487008690834045,0.6447124481201172,-0.11497810482978821,0.5759513974189758,0.6119266748428345,-0.09142719209194183,0.618078351020813,0.6054949760437012,-0.07346285879611969,0.6786366701126099,0.7245709300041199,-0.08772124350070953,0.5772424340248108,0.694027841091156,-0.10164611041545868,0.6015726327896118,0.6632851958274841,-0.08395058661699295,0.6366406083106995,0.6613612771034241,-0.07073497772216797,0.1314777433872223,0.6882514357566833,1.087024514845325e-07,0.20237746834754944,0.6140232086181641,0.010242548771202564,0.29015105962753296,0.5806815028190613,-0.008063440211117268,0.35191407799720764,0.606615424156189,-0.03189505264163017,0.3838861584663391,0.6479653716087341,-0.05608445778489113,0.30855807662010193,0.5118682980537415,-0.046761974692344666,0.39344894886016846,0.48788315057754517,-0.07951944321393967,0.44574353098869324,0.48126935958862305,-0.09812325239181519,0.48556724190711975,0.48236048221588135,-0.11009733378887177,0.2890104055404663,0.555862545967102,-0.07342628389596939,0.3855968713760376,0.6725842952728271,-0.1078491136431694,0.34898385405540466,0.6836419105529785,-0.10631787031888962,0.31657102704048157,0.6540049910545349,-0.10297250002622604,0.26443910598754883,0.620729923248291,-0.09752461314201355,0.35162585973739624,0.7324431538581848,-0.12329959124326706,0.31156405806541443,0.7246841192245483,-0.10493027418851852,0.2841544449329376,0.6903035640716553,-0.09087169170379639,0.23923537135124207,0.6907111406326294,-0.12106432020664215,0.3173994719982147,0.7692657709121704,-0.12672513723373413,0.28807398676872253,0.7601591348648071,-0.10382802784442902,0.257693350315094,0.7293654680252075,-0.08735547959804535,Q
0.7831830978393555,0.5982198715209961,3.56793862010818e-07,0.7359763383865356,0.49629223346710205,-0.03021010383963585,0.6319706439971924,0.4502037763595581,-0.05417085438966751,0.5455003976821899,0.4612175226211548,-0.06779434531927109,0.482962042093277,0.47993898391723633,-0.0823633000254631,0.6565395593643188,0.47981730103492737,-0.1038641631603241,0.5423446297645569,0.5080998539924622,-0.1344909965991974,0.4810919165611267,0.5057421922683716,-0.14406684041023254,0.4401405453681946,0.5078650712966919,-0.14803805947303772,0.665519654750824,0.5795706510543823,-0.1019764319062233,0.5209137201309204,0.5806078910827637,-0.13540184497833252,0.5458809733390808,0.545091986656189,-0.13195805251598358,0.598575234413147,0.5349352359771729,-0.12489869445562363,0.6743015050888062,0.6605598330497742,-0.09611627459526062,0.5481719374656677,0.6454792022705078,-0.11960708349943161,0.5765812993049622,0.6111875772476196,-0.09601768106222153,0.6196060180664062,0.6056376695632935,-0.07726362347602844,0.6793969869613647,0.7266644835472107,-0.09143882989883423,0.577078640460968,0.6971039175987244,-0.10659833997488022,0.6016671061515808,0.6643679141998291,-0.08830635249614716,0.6371696591377258,0.6624671220779419,-0.07408995181322098,0.1309349536895752,0.6896359324455261,1.086006449213528e-07,0.20164063572883606,0.61690753698349,0.008575045503675938,0.28955236077308655,0.585305392742157,-0.009715011343359947,0.3519931733608246,0.61246258020401,-0.03307608515024185,0.38499483466148376,0.6526002883911133,-0.056398168206214905,0.3087771534919739,0.5134015679359436,-0.04653973877429962,0.3942946791648865,0.4885480999946594,-0.07996506243944168,0.4476383328437805,0.4814336597919464,-0.09918845444917679,0.4883612096309662,0.4821610450744629,-0.11131812632083893,0.28930917382240295,0.5580605268478394,-0.07230201363563538,0.38514262437820435,0.6734795570373535,-0.10707510262727737,0.34858930110931396,0.6840233206748962,-0.10571224987506866,0.3163529634475708,0.6552191376686096,-0.10221566259860992,0.26476895809173584,0.6223648190498352,-0.09586504101753235,0.35111773014068604,0.7333643436431885,-0.12222793698310852,0.31168636679649353,0.7257265448570251,-0.10417826473712921,0.2850145995616913,0.6920909285545349,-0.0899689644575119,0.23958393931388855,0.6918826103210449,-0.11907146126031876,0.3169119656085968,0.769901692867279,-0.12475356459617615,0.2882186472415924,0.7604588270187378,-0.10187272727489471,0.25807514786720276,0.7294164896011353,-0.08527208119630814,Q
0.784896969795227,0.5998348593711853,3.320519113003684e-07,0.7367753982543945,0.4966195225715637,-0.031630754470825195,0.6301578283309937,0.4504917860031128,-0.05542454123497009,0.5417659878730774,0.4617169201374054,-0.06826184689998627,0.4797203540802002,0.4865213632583618,-0.08175183087587357,0.6590890288352966,0.4834325611591339,-0.10623336583375931,0.5475360751152039,0.506294310092926,-0.13730496168136597,0.4850155711174011,0.5073838233947754,-0.1463233083486557,0.44230329990386963,0.5153568983078003,-0.14979353547096252,0.6673929691314697,0.5822651386260986,-0.10338858515024185,0.5208962559700012,0.5840291380882263,-0.1368933767080307,0.5452109575271606,0.5474321842193604,-0.1325489580631256,0.5975310802459717,0.5363508462905884,-0.12476687878370285,0.6746335625648499,0.6619390249252319,-0.09665969759225845,0.547569215297699,0.6454029083251953,-0.12071386724710464,0.5767927169799805,0.6100971698760986,-0.09712312370538712,0.6196323037147522,0.6042857766151428,-0.07800173759460449,0.6780584454536438,0.7260236740112305,-0.09122982621192932,0.5741345286369324,0.6952791810035706,-0.10610142350196838,0.5993378758430481,0.662475049495697,-0.0879984125494957,0.6351653337478638,0.6611300706863403,-0.07407011091709137,0.1304890513420105,0.6903653144836426,1.0308885833865133e-07,0.2004111260175705,0.6158530712127686,0.008792559616267681,0.28652286529541016,0.5805150866508484,-0.008865682408213615,0.34742555022239685,0.6035383939743042,-0.031375452876091,0.3814176917076111,0.6395389437675476,-0.05384102091193199,0.3087366819381714,0.5137987732887268,-0.047590117901563644,0.3945483863353729,0.48847177624702454,-0.0813094973564148,0.4484018087387085,0.48147815465927124,-0.10040497034788132,0.48870426416397095,0.4824996292591095,-0.11208485811948776,0.28913310170173645,0.5581281781196594,-0.07296236604452133,0.385246217250824,0.6751323342323303,-0.10667349398136139,0.3489759564399719,0.6854561567306519,-0.104408860206604,0.31652042269706726,0.6551153659820557,-0.10048098862171173,0.26446792483329773,0.622047483921051,-0.09615464508533478,0.3509465456008911,0.7345482110977173,-0.12205228954553604,0.3113611340522766,0.7272126078605652,-0.10403452813625336,0.2844609320163727,0.6923269033432007,-0.08997045457363129,0.23883168399333954,0.691398561000824,-0.11887490004301071,0.3159169554710388,0.7707114219665527,-0.12445312738418579,0.28770703077316284,0.7618311047554016,-0.10157635062932968,0.25736090540885925,0.7302640676498413,-0.08489298075437546,Q
0.7844780683517456,0.5963274240493774,3.466437874521944e-07,0.7357344627380371,0.4938553273677826,-0.031248854473233223,0.6297338008880615,0.44938287138938904,-0.055668748915195465,0.5427146553993225,0.46026450395584106,-0.0692492201924324,0.4825602173805237,0.48298805952072144,-0.08351312577724457,0.6585521697998047,0.48097169399261475,-0.1079249382019043,0.5462650656700134,0.505033016204834,-0.13928821682929993,0.4833770990371704,0.5081256628036499,-0.14846143126487732,0.4404301345348358,0.5186496376991272,-0.15205775201320648,0.6678958535194397,0.5807093977928162,-0.10547249764204025,0.5205391049385071,0.5830034613609314,-0.13946646451950073,0.5443940758705139,0.5445352792739868,-0.13495071232318878,0.5968855023384094,0.5320713520050049,-0.12700386345386505,0.6754555702209473,0.6613040566444397,-0.09897956252098083,0.5468435287475586,0.6451379060745239,-0.12307105958461761,0.5756522417068481,0.608483612537384,-0.09919481724500656,0.618719756603241,0.6015546917915344,-0.07989976555109024,0.6788421869277954,0.7259961366653442,-0.09376425296068192,0.5736597776412964,0.69588303565979,-0.10845905542373657,0.5984455347061157,0.6619815826416016,-0.09007243812084198,0.6344391107559204,0.6594514846801758,-0.075992152094841,0.13049131631851196,0.6910455822944641,1.0555224605468538e-07,0.2005506157875061,0.6163351535797119,0.00856870412826538,0.28686484694480896,0.5808072686195374,-0.00908659491688013,0.34785428643226624,0.603914737701416,-0.03156250715255737,0.3818610608577728,0.6401340961456299,-0.05396117642521858,0.30887213349342346,0.5132898688316345,-0.04733552783727646,0.3947004973888397,0.48843684792518616,-0.08081823587417603,0.44856134057044983,0.4815005660057068,-0.09978276491165161,0.4889116883277893,0.48264220356941223,-0.11144580692052841,0.28908348083496094,0.557763397693634,-0.07256448268890381,0.38540369272232056,0.6752912998199463,-0.10627759993076324,0.34906551241874695,0.6855903267860413,-0.10412321239709854,0.3165188431739807,0.6552620530128479,-0.10025764256715775,0.2643691897392273,0.621847927570343,-0.09563041478395462,0.3510792553424835,0.7348954081535339,-0.12147580832242966,0.31141191720962524,0.7273836731910706,-0.1035650447010994,0.2843957245349884,0.692348062992096,-0.08957231044769287,0.23870524764060974,0.6912720203399658,-0.11826090514659882,0.31579717993736267,0.7709429264068604,-0.12387020885944366,0.28757572174072266,0.7619779109954834,-0.10118752717971802,0.25722724199295044,0.7303059697151184,-0.08462662249803543,Q
0.7830176949501038,0.5915448069572449,3.1365155450657767e-07,0.7339369654655457,0.4907083511352539,-0.029470959678292274,0.6283774971961975,0.4489578604698181,-0.053179580718278885,0.5424173474311829,0.4605971872806549,-0.066612109541893,0.48229071497917175,0.48214414715766907,-0.08071707934141159,0.6550801992416382,0.47888362407684326,-0.10538604855537415,0.5391823053359985,0.5082842111587524,-0.1360359936952591,0.4806938171386719,0.5118811130523682,-0.14439156651496887,0.4439317584037781,0.5211308002471924,-0.14695940911769867,0.6659157276153564,0.5785784125328064,-0.10321298986673355,0.5209810733795166,0.5864258408546448,-0.13490177690982819,0.544180691242218,0.5498872995376587,-0.1292841136455536,0.595578670501709,0.5369168519973755,-0.12140415608882904,0.6752229928970337,0.6593445539474487,-0.0971764475107193,0.5491833090782166,0.6468350291252136,-0.119333915412426,0.5772849321365356,0.612369179725647,-0.09528526663780212,0.6192732453346252,0.6054825782775879,-0.07678865641355515,0.6796531081199646,0.724798321723938,-0.09229718893766403,0.5765513181686401,0.6972008943557739,-0.10585623979568481,0.6015334725379944,0.6653227210044861,-0.08742178976535797,0.6368633508682251,0.6625962853431702,-0.07372443377971649,0.12963736057281494,0.6908646821975708,1.006092631428146e-07,0.200536847114563,0.6165818572044373,0.008668073453009129,0.28820011019706726,0.5824699997901917,-0.008968316949903965,0.3497684895992279,0.6077097058296204,-0.031568728387355804,0.38350194692611694,0.6465538740158081,-0.05410274118185043,0.30795836448669434,0.5136322379112244,-0.04641532525420189,0.39234715700149536,0.48806390166282654,-0.07964016497135162,0.4451143741607666,0.48187875747680664,-0.09862639009952545,0.48508667945861816,0.4837149977684021,-0.11042074114084244,0.2884051203727722,0.558970034122467,-0.07190034538507462,0.38553673028945923,0.674406111240387,-0.10603678226470947,0.3491256833076477,0.6845628619194031,-0.10442065447568893,0.3160339593887329,0.6551097631454468,-0.10071055591106415,0.26387152075767517,0.623628556728363,-0.09521909803152084,0.35113096237182617,0.7349196076393127,-0.12078314274549484,0.31132781505584717,0.726950466632843,-0.10290861874818802,0.28393852710723877,0.6925870180130005,-0.0888606384396553,0.23847055435180664,0.6932297348976135,-0.11817286163568497,0.3164631128311157,0.7718213796615601,-0.12322281301021576,0.2880251705646515,0.7624261379241943,-0.1004253551363945,0.25772255659103394,0.731324315071106,-0.0838349312543869,Q
0.7825130224227905,0.5932179093360901,3.1644239584238676e-07,0.734470784664154,0.4899163246154785,-0.02916996367275715,0.6299329996109009,0.44466179609298706,-0.05252062901854515,0.5441111922264099,0.45652496814727783,-0.06588410586118698,0.4835442900657654,0.4795868992805481,-0.07981504499912262,0.6549590229988098,0.48192262649536133,-0.10355323553085327,0.5378373861312866,0.5110598206520081,-0.13451287150382996,0.48002439737319946,0.5140321850776672,-0.14333109557628632,0.44667577743530273,0.5231109261512756,-0.1457027792930603,0.6654894351959229,0.5810011029243469,-0.10125372558832169,0.5211652517318726,0.5872118473052979,-0.13300363719463348,0.5428780317306519,0.5496706366539001,-0.12819817662239075,0.5947313904762268,0.5369857549667358,-0.12059953808784485,0.6746745705604553,0.6603771448135376,-0.09518597275018692,0.5489095449447632,0.6460930109024048,-0.11696674674749374,0.5755529999732971,0.6116561889648438,-0.09372836351394653,0.617591142654419,0.6049056053161621,-0.07576218992471695,0.6792134642601013,0.7241953611373901,-0.09027791768312454,0.576442539691925,0.6955832242965698,-0.10357008874416351,0.6007473468780518,0.6644448041915894,-0.0857570543885231,0.6361324787139893,0.661933958530426,-0.07242770493030548,0.13012894988059998,0.6907258033752441,1.0240275827300138e-07,0.20131874084472656,0.6177443861961365,0.009702906012535095,0.2885856330394745,0.5847041606903076,-0.0084935761988163,0.3500462770462036,0.6106830835342407,-0.03203331306576729,0.38359948992729187,0.649520754814148,-0.055639248341321945,0.307975172996521,0.5135523676872253,-0.0459408275783062,0.39159929752349854,0.4877060651779175,-0.07905255258083344,0.4442439675331116,0.48148733377456665,-0.09804593026638031,0.48390743136405945,0.483591765165329,-0.10994912683963776,0.28826791048049927,0.5578941702842712,-0.07201439142227173,0.3840816020965576,0.6748972535133362,-0.10649910569190979,0.34766554832458496,0.6862053275108337,-0.10518677532672882,0.31475427746772766,0.6568440794944763,-0.10171963274478912,0.2635272145271301,0.6221982836723328,-0.09572315961122513,0.3498997390270233,0.7343308925628662,-0.12160386145114899,0.31010985374450684,0.7273266315460205,-0.10344405472278595,0.2827426791191101,0.6930027008056641,-0.08925862610340118,0.23811331391334534,0.6914433240890503,-0.1189175471663475,0.3158208727836609,0.7708297967910767,-0.12444692105054855,0.2871597707271576,0.7622615098953247,-0.10150913894176483,0.25717857480049133,0.7310501933097839,-0.08480539917945862,Q
0.7833586931228638,0.5946129560470581,3.086629192239343e-07,0.7358436584472656,0.4916698932647705,-0.028731821104884148,0.6301453113555908,0.4460883140563965,-0.05136014148592949,0.5423886179924011,0.4588300585746765,-0.06390692293643951,0.4805665612220764,0.48000529408454895,-0.07712903618812561,0.6546035408973694,0.4824356734752655,-0.10338098555803299,0.5362945795059204,0.510949969291687,-0.133491650223732,0.4788227677345276,0.5121950507164001,-0.1413293033838272,0.44515353441238403,0.519575834274292,-0.1432005763053894,0.6644520163536072,0.5819597840309143,-0.10088994354009628,0.5207469463348389,0.5860497951507568,-0.13132615387439728,0.5429869890213013,0.5488013029098511,-0.12553593516349792,0.5936779975891113,0.537280261516571,-0.11768049001693726,0.6735822558403015,0.6611602902412415,-0.09456122666597366,0.5479092597961426,0.644975483417511,-0.11527416855096817,0.5748839974403381,0.6105413436889648,-0.09128926694393158,0.6160988211631775,0.6047458052635193,-0.07328462600708008,0.678559422492981,0.7247918844223022,-0.08931095153093338,0.5761862993240356,0.6949451565742493,-0.10192210972309113,0.6008358597755432,0.6642927527427673,-0.08358464390039444,0.6355032324790955,0.6633764505386353,-0.07012719660997391,0.1305997222661972,0.6900007724761963,1.1162654089957869e-07,0.20100811123847961,0.6164151430130005,0.008166822604835033,0.28824642300605774,0.5820104479789734,-0.010076821781694889,0.3490345776081085,0.6064745783805847,-0.03337119147181511,0.3817555904388428,0.6438920497894287,-0.05671841278672218,0.307397723197937,0.5139524340629578,-0.04676556587219238,0.3921421766281128,0.48935800790786743,-0.08031350374221802,0.4446675777435303,0.4830465316772461,-0.09971407800912857,0.48422861099243164,0.48445188999176025,-0.1119534820318222,0.2871929109096527,0.559127688407898,-0.072245292365551,0.3843314051628113,0.6753039360046387,-0.10759229958057404,0.34792447090148926,0.6853234767913818,-0.10692824423313141,0.31501373648643494,0.6552083492279053,-0.10379798710346222,0.26252713799476624,0.6235821843147278,-0.0955435186624527,0.3493082821369171,0.7340100407600403,-0.12207608669996262,0.3095622658729553,0.7258954048156738,-0.10448421537876129,0.28240343928337097,0.6911084055900574,-0.09058119356632233,0.23733052611351013,0.6926781535148621,-0.11848852783441544,0.3153187036514282,0.7707031965255737,-0.12469778954982758,0.28639233112335205,0.7613394856452942,-0.10231348872184753,0.25603795051574707,0.7299248576164246,-0.08593287318944931,Q
0.7811185121536255,0.5903139114379883,3.124685008515371e-07,0.7327845096588135,0.49083101749420166,-0.028122201561927795,0.6265741586685181,0.44708961248397827,-0.050884563475847244,0.5389263033866882,0.45911705493927,-0.0638083666563034,0.4770050048828125,0.483456015586853,-0.07743384689092636,0.6516700387001038,0.4782000780105591,-0.10371731221675873,0.5334261655807495,0.510484516620636,-0.13425379991531372,0.4771052598953247,0.5125271081924438,-0.14223192632198334,0.4453084468841553,0.5183346271514893,-0.14392229914665222,0.6627360582351685,0.5776651501655579,-0.1014379933476448,0.5193168520927429,0.5862693190574646,-0.1324876993894577,0.5408825278282166,0.550589382648468,-0.12678755819797516,0.591482937335968,0.5367140173912048,-0.11880630999803543,0.6721485257148743,0.6580564379692078,-0.09526560455560684,0.547640323638916,0.644755482673645,-0.11683572828769684,0.5747666358947754,0.6122943758964539,-0.09318403899669647,0.6164721846580505,0.6050969362258911,-0.07498343288898468,0.676856279373169,0.7236677408218384,-0.09003500640392303,0.5747376084327698,0.6947113871574402,-0.1031939834356308,0.5993780493736267,0.6646782755851746,-0.08497898280620575,0.6344269514083862,0.6620509624481201,-0.07126441597938538,0.13072073459625244,0.6884064674377441,1.1756340256852127e-07,0.20253780484199524,0.6168302297592163,0.008696477860212326,0.2903386354446411,0.5829458832740784,-0.009255127049982548,0.3512878715991974,0.6074797511100769,-0.03252198174595833,0.38327550888061523,0.6462451219558716,-0.055848378688097,0.3083219528198242,0.5131968855857849,-0.04486647993326187,0.3907617926597595,0.4876582622528076,-0.07792733609676361,0.44267016649246216,0.4813552498817444,-0.09649820625782013,0.481464147567749,0.48401662707328796,-0.10796085745096207,0.288208931684494,0.5570558905601501,-0.07046446949243546,0.3854197561740875,0.6745792031288147,-0.10580563545227051,0.34915056824684143,0.685599148273468,-0.10455912351608276,0.31611207127571106,0.6562725305557251,-0.10045468062162399,0.2629113495349884,0.6206813454627991,-0.09396650642156601,0.3490479290485382,0.7337774634361267,-0.12105599790811539,0.30966249108314514,0.7262157201766968,-0.10393880307674408,0.2827574908733368,0.6916236281394958,-0.08979032933712006,0.23682641983032227,0.6894840002059937,-0.11697574704885483,0.3138522803783417,0.7701483964920044,-0.1234424039721489,0.28540343046188354,0.7611089944839478,-0.10147689282894135,0.25559043884277344,0.7295536994934082,-0.08516012132167816,Q
0.7822690606117249,0.5963441729545593,3.160581343308877e-07,0.7351595759391785,0.4930146336555481,-0.027439026162028313,0.6308051943778992,0.44356587529182434,-0.049844637513160706,0.5445632934570312,0.45567476749420166,-0.06253067404031754,0.48518985509872437,0.48174574971199036,-0.07592488080263138,0.6532195806503296,0.484104186296463,-0.10307975113391876,0.534474790096283,0.5149186849594116,-0.13287276029586792,0.478068470954895,0.513885498046875,-0.1404256373643875,0.44618111848831177,0.517543613910675,-0.14193180203437805,0.6631526947021484,0.5829781889915466,-0.10094920545816422,0.5203332901000977,0.5873706936836243,-0.13148321211338043,0.5423731803894043,0.5497375130653381,-0.1257978081703186,0.5936037302017212,0.5373661518096924,-0.11777998507022858,0.6720614433288574,0.6619793176651001,-0.09476899355649948,0.5477285385131836,0.6468448638916016,-0.11486627161502838,0.5742940902709961,0.6125823855400085,-0.09119361639022827,0.6163375377655029,0.6064096689224243,-0.07327824831008911,0.6767997145652771,0.725620448589325,-0.08957516402006149,0.5744356513023376,0.6970526576042175,-0.10128416866064072,0.5985034704208374,0.6663826107978821,-0.08293198049068451,0.6336404085159302,0.664840579032898,-0.06938797980546951,0.13098204135894775,0.6900274753570557,1.1305360914093399e-07,0.20161530375480652,0.6173701286315918,0.008656179532408714,0.2895442843437195,0.5850875973701477,-0.009686256758868694,0.3510544002056122,0.6111615300178528,-0.03324374184012413,0.3832147419452667,0.6504847407341003,-0.05696256458759308,0.3076395094394684,0.5140388607978821,-0.046219922602176666,0.3921111822128296,0.4892345368862152,-0.07946795970201492,0.4446738064289093,0.4816538989543915,-0.09853921830654144,0.4853438436985016,0.48203322291374207,-0.11075334995985031,0.28829896450042725,0.5588786602020264,-0.07217279076576233,0.38434264063835144,0.6744593381881714,-0.10763169825077057,0.3473728597164154,0.6846696734428406,-0.1067272499203682,0.31472647190093994,0.6553511619567871,-0.10337520390748978,0.2637142539024353,0.6234449148178101,-0.09586387872695923,0.3498343527317047,0.7344719171524048,-0.12253709882497787,0.31006109714508057,0.72626131772995,-0.10457497090101242,0.2832457721233368,0.691893458366394,-0.090404212474823,0.23821787536144257,0.6926366090774536,-0.11919406801462173,0.3155422806739807,0.7710865139961243,-0.12558887898921967,0.2862565517425537,0.7615261077880859,-0.10316532105207443,0.25623416900634766,0.7301195859909058,-0.08684013038873672,Q
0.7820407748222351,0.5930080413818359,3.126400258679496e-07,0.7330410480499268,0.4901010990142822,-0.02805510349571705,0.6252341866493225,0.4451913833618164,-0.05005870386958122,0.5370915532112122,0.4601811170578003,-0.06209274381399155,0.47591787576675415,0.4845939874649048,-0.07486062496900558,0.6521520614624023,0.4829005300998688,-0.10239267349243164,0.5353329181671143,0.5127210021018982,-0.13245393335819244,0.47898048162460327,0.512358546257019,-0.14047285914421082,0.4469648003578186,0.517120361328125,-0.1423439234495163,0.6625078916549683,0.5829522609710693,-0.0998772606253624,0.5201409459114075,0.5864699482917786,-0.13080477714538574,0.5430347323417664,0.5485273599624634,-0.1255638301372528,0.5947659015655518,0.5364633798599243,-0.11778811365365982,0.6716662645339966,0.6622225046157837,-0.09340917319059372,0.5471045970916748,0.6463730931282043,-0.1142420768737793,0.5740581154823303,0.6110813021659851,-0.09084250777959824,0.6162704229354858,0.6044670939445496,-0.07293826341629028,0.6766764521598816,0.7255985736846924,-0.08791089802980423,0.5744996666908264,0.6971151232719421,-0.10024655610322952,0.5988374352455139,0.6654065847396851,-0.08205054700374603,0.6341981291770935,0.6637211441993713,-0.0685284435749054,0.13069233298301697,0.6891424655914307,1.1491052021028736e-07,0.20231783390045166,0.6175860166549683,0.008999355137348175,0.29072046279907227,0.5860686302185059,-0.009602620266377926,0.3522505462169647,0.6130149960517883,-0.033630192279815674,0.3833366334438324,0.6528279185295105,-0.05780760943889618,0.30845925211906433,0.5137923359870911,-0.045423585921525955,0.3920135498046875,0.488179475069046,-0.07869483530521393,0.44462382793426514,0.4811759293079376,-0.09778877347707748,0.4847468137741089,0.48287779092788696,-0.1099206805229187,0.2889160215854645,0.5581772327423096,-0.07155942171812057,0.38396328687667847,0.6744585037231445,-0.10693519562482834,0.347305029630661,0.6854546070098877,-0.10610149800777435,0.3152359127998352,0.6563369631767273,-0.10277780890464783,0.2639247477054596,0.6225866675376892,-0.09544362872838974,0.34955382347106934,0.734717845916748,-0.12237437814474106,0.31015995144844055,0.7271236777305603,-0.10467588156461716,0.2837730944156647,0.6927708983421326,-0.09060540795326233,0.2381342351436615,0.6916990876197815,-0.11888796091079712,0.315440833568573,0.7714682817459106,-0.12543049454689026,0.28649982810020447,0.7623769640922546,-0.10302405804395676,0.256783127784729,0.7309119701385498,-0.08664292842149734,Q
0.7832896709442139,0.5962736010551453,3.159078119097103e-07,0.7363598346710205,0.4928395748138428,-0.0283428393304348,0.6331942081451416,0.44369596242904663,-0.05045865476131439,0.5478203296661377,0.4561423659324646,-0.06273382902145386,0.4895161986351013,0.48208919167518616,-0.07521609961986542,0.6560590863227844,0.48452872037887573,-0.10154285281896591,0.535861074924469,0.5155626535415649,-0.13091062009334564,0.48057547211647034,0.5144827961921692,-0.13830046355724335,0.4505431354045868,0.5177361369132996,-0.13967056572437286,0.6646613478660583,0.5845848917961121,-0.09841937571763992,0.5235171318054199,0.5878974795341492,-0.12829722464084625,0.5451829433441162,0.5509364604949951,-0.12274909019470215,0.5960595607757568,0.5387047529220581,-0.11495400220155716,0.6723915934562683,0.6639508008956909,-0.0915362611413002,0.5497652292251587,0.6475117206573486,-0.11061668395996094,0.5756856203079224,0.6139062643051147,-0.08754417300224304,0.61717689037323,0.6076127290725708,-0.07041510194540024,0.6759045720100403,0.7279953360557556,-0.08587274700403214,0.5760634541511536,0.6963794231414795,-0.09703758358955383,0.6001170873641968,0.6664408445358276,-0.07967668771743774,0.6345151662826538,0.6647605895996094,-0.0670139342546463,0.13115274906158447,0.6892837882041931,9.853750526644944e-08,0.20203730463981628,0.615921676158905,0.009759647771716118,0.28880739212036133,0.5808345079421997,-0.007992962375283241,0.34908246994018555,0.6048529744148254,-0.03112873248755932,0.382104754447937,0.6432933211326599,-0.054449230432510376,0.3092523217201233,0.5144171714782715,-0.046210143715143204,0.39208072423934937,0.48889610171318054,-0.07995402812957764,0.4440743327140808,0.48208755254745483,-0.09902174770832062,0.4834907352924347,0.48422449827194214,-0.11073624342679977,0.28910917043685913,0.5586794018745422,-0.07226371765136719,0.3856174349784851,0.6765370965003967,-0.1071949303150177,0.34863701462745667,0.685954749584198,-0.10542675852775574,0.31570547819137573,0.6553522944450378,-0.10133875906467438,0.26384490728378296,0.622942328453064,-0.09603699296712875,0.35054001212120056,0.7358840107917786,-0.12292275577783585,0.31031838059425354,0.7269595265388489,-0.10510983318090439,0.2829541563987732,0.6916244626045227,-0.09072481095790863,0.23774151504039764,0.6924220323562622,-0.11917814612388611,0.3160083591938019,0.77225661277771,-0.12559306621551514,0.28694844245910645,0.7621663808822632,-0.1029418557882309,0.2565530240535736,0.7302031517028809,-0.08616650849580765,Q
0.7834256887435913,0.5919549465179443,3.346673054238636e-07,0.7337099313735962,0.49015477299690247,-0.026771776378154755,0.6297730803489685,0.44306814670562744,-0.04848213121294975,0.5461050868034363,0.4563535451889038,-0.060954492539167404,0.487287312746048,0.4809255599975586,-0.07390934973955154,0.6545641422271729,0.48491406440734863,-0.09695329517126083,0.5395143032073975,0.5158267021179199,-0.1265934854745865,0.4802614748477936,0.5167485475540161,-0.13540802896022797,0.4462513327598572,0.5225746035575867,-0.13792167603969574,0.6655274033546448,0.5836973190307617,-0.09568306058645248,0.5228042006492615,0.5877101421356201,-0.12747260928153992,0.5448912382125854,0.5499862432479858,-0.12392785400152206,0.5970665812492371,0.5375926494598389,-0.11666510254144669,0.674942135810852,0.6621209979057312,-0.09059036523103714,0.5506196022033691,0.6478770971298218,-0.11204341799020767,0.5764593482017517,0.6137926578521729,-0.08961918205022812,0.6184394359588623,0.6067507863044739,-0.0719265267252922,0.6798344254493713,0.7252945899963379,-0.08649138361215591,0.5770031809806824,0.6963921189308167,-0.09889144450426102,0.6015537977218628,0.6661171317100525,-0.08097035437822342,0.6373315453529358,0.6635391712188721,-0.06748614460229874,0.1324003040790558,0.6882959604263306,1.1214974193762828e-07,0.20355436205863953,0.6154142618179321,0.009657453745603561,0.2911287248134613,0.5809803605079651,-0.008410679176449776,0.3512375056743622,0.6053723096847534,-0.0320698581635952,0.3830915689468384,0.6452488303184509,-0.05601989105343819,0.3093608617782593,0.5128979086875916,-0.044484369456768036,0.39274734258651733,0.4888453483581543,-0.07730218768119812,0.4441779851913452,0.4830138087272644,-0.09595236927270889,0.4836350679397583,0.4852127730846405,-0.10777956247329712,0.289137065410614,0.5572130680084229,-0.0705968588590622,0.3863474130630493,0.6752592325210571,-0.10612469911575317,0.3484792113304138,0.6846158504486084,-0.1050480455160141,0.31498590111732483,0.6535264253616333,-0.10127124935388565,0.26400595903396606,0.62168949842453,-0.09438426047563553,0.35170525312423706,0.7355191707611084,-0.1211509257555008,0.3109528422355652,0.7261722087860107,-0.10331672430038452,0.2832501232624054,0.6903748512268066,-0.08896908909082413,0.2380591481924057,0.6908800601959229,-0.11760877072811127,0.3166588842868805,0.7714013457298279,-0.12407888472080231,0.2869628965854645,0.7611028552055359,-0.10174792259931564,0.2568988800048828,0.7288072109222412,-0.08527923375368118,Q
0.7856036424636841,0.5941119194030762,3.2761550983195775e-07,0.7376819849014282,0.4927361011505127,-0.02586670219898224,0.6365877985954285,0.4430922269821167,-0.04790624976158142,0.5526899099349976,0.45142751932144165,-0.06078089773654938,0.4953307509422302,0.4805660545825958,-0.0740412250161171,0.6561017036437988,0.48429080843925476,-0.0998321920633316,0.5337743163108826,0.516533613204956,-0.12935976684093475,0.47940725088119507,0.5159261226654053,-0.13666953146457672,0.451754093170166,0.5190191864967346,-0.1375182569026947,0.6663357615470886,0.5825444459915161,-0.09821860492229462,0.5230761170387268,0.5895124673843384,-0.1277342587709427,0.5434390902519226,0.5516571998596191,-0.12177038937807083,0.5935844779014587,0.5375547409057617,-0.11363323777914047,0.6758145689964294,0.6615562438964844,-0.09278477728366852,0.5507301092147827,0.6474910974502563,-0.11160995066165924,0.5754772424697876,0.6135806441307068,-0.0881781131029129,0.6163690686225891,0.6056497097015381,-0.07068673521280289,0.6812691688537598,0.7249467968940735,-0.08834616839885712,0.5794300436973572,0.6966685056686401,-0.09928230196237564,0.6022847294807434,0.6667611002922058,-0.08134341239929199,0.6364344954490662,0.6635191440582275,-0.06810314208269119,0.13360978662967682,0.6863321661949158,1.2626274781268876e-07,0.20478063821792603,0.6139999032020569,0.009013732895255089,0.2930887043476105,0.584028959274292,-0.010466336272656918,0.35514378547668457,0.6122310757637024,-0.035086147487163544,0.38698214292526245,0.6521117091178894,-0.05995528772473335,0.30938178300857544,0.5125594139099121,-0.05012735351920128,0.39598143100738525,0.4883282482624054,-0.08500854671001434,0.449726402759552,0.48345619440078735,-0.10487730801105499,0.49109163880348206,0.4861255884170532,-0.11734345555305481,0.28930553793907166,0.5585504770278931,-0.07681390643119812,0.38620060682296753,0.6738342046737671,-0.1129285916686058,0.34910938143730164,0.6844272017478943,-0.111386738717556,0.31671616435050964,0.6550726890563965,-0.10781719535589218,0.26424723863601685,0.6239925622940063,-0.10107879340648651,0.3522339165210724,0.7352609634399414,-0.12827639281749725,0.3120877146720886,0.7265119552612305,-0.10933952033519745,0.28487271070480347,0.6916515827178955,-0.09460940957069397,0.23882567882537842,0.6939717531204224,-0.12487209588289261,0.31798967719078064,0.7713637948036194,-0.13120406866073608,0.28916430473327637,0.7614747881889343,-0.10765703022480011,0.25859829783439636,0.7300070524215698,-0.09061514586210251,Q
0.7852784395217896,0.5922347903251648,3.1500289310315566e-07,0.7366350293159485,0.4919930398464203,-0.027373511344194412,0.6313560009002686,0.44745934009552,-0.05044667795300484,0.5451698303222656,0.45842114090919495,-0.06408210843801498,0.48372066020965576,0.47901350259780884,-0.0780884325504303,0.656255841255188,0.48144662380218506,-0.1020059809088707,0.5348207354545593,0.5096896886825562,-0.13316279649734497,0.47911787033081055,0.5128237009048462,-0.14169670641422272,0.44945117831230164,0.5219272971153259,-0.14357057213783264,0.6669283509254456,0.5805762410163879,-0.10068994760513306,0.5222235321998596,0.5872465968132019,-0.1321602314710617,0.543921709060669,0.5508244633674622,-0.12670154869556427,0.5950331091880798,0.5385496020317078,-0.1189170554280281,0.6765611171722412,0.660547137260437,-0.09570781141519547,0.5499885678291321,0.646761953830719,-0.1164477989077568,0.5763395428657532,0.6129899621009827,-0.0922233909368515,0.6178376078605652,0.6060805916786194,-0.07414714992046356,0.6816731095314026,0.72482830286026,-0.09184052050113678,0.5788886547088623,0.6962294578552246,-0.10408300161361694,0.6032986640930176,0.6660777926445007,-0.08558624982833862,0.6382154822349548,0.6638670563697815,-0.07207510620355606,0.13294655084609985,0.6893317699432373,1.1694013579699458e-07,0.20276622474193573,0.6140916347503662,0.008692704141139984,0.29077017307281494,0.5824681520462036,-0.01024665217846632,0.35261887311935425,0.6101788282394409,-0.03406362235546112,0.38587912917137146,0.6494044661521912,-0.058070678263902664,0.3090679347515106,0.5138422250747681,-0.051167719066143036,0.3958328068256378,0.48915770649909973,-0.08640261739492416,0.44984668493270874,0.48410898447036743,-0.10639979690313339,0.4912017583847046,0.486399382352829,-0.11872191727161407,0.28869467973709106,0.5603535771369934,-0.07738323509693146,0.3864348232746124,0.6743064522743225,-0.11336720734834671,0.34964773058891296,0.6840997338294983,-0.11152476072311401,0.31641730666160583,0.6542772054672241,-0.10762134194374084,0.26373863220214844,0.6258189082145691,-0.10124561190605164,0.35215651988983154,0.735398530960083,-0.12839578092098236,0.3124300241470337,0.7270782589912415,-0.10954838246107101,0.28474536538124084,0.692561149597168,-0.09465407580137253,0.23824703693389893,0.6958276033401489,-0.12462937086820602,0.31809133291244507,0.772162675857544,-0.13043449819087982,0.2898867726325989,0.7628270387649536,-0.10667107254266739,0.2590474784374237,0.7319047451019287,-0.08939813077449799,Q
0.783403217792511,0.5924434661865234,3.3558404766154126e-07,0.7353007197380066,0.4911377429962158,-0.027221234515309334,0.6329518556594849,0.444582462310791,-0.049808114767074585,0.5492929220199585,0.4553902745246887,-0.06321293860673904,0.48933660984039307,0.4765205681324005,-0.07680858671665192,0.6536498069763184,0.4847901165485382,-0.1018005833029747,0.5277643203735352,0.5163894891738892,-0.13149583339691162,0.4743223786354065,0.513820469379425,-0.13887859880924225,0.4479100704193115,0.515974760055542,-0.1397746205329895,0.664426863193512,0.5836455821990967,-0.09944958984851837,0.522680938243866,0.58829265832901,-0.12844140827655792,0.5430004596710205,0.5497772693634033,-0.12236220389604568,0.5933592915534973,0.5370246767997742,-0.11486399173736572,0.6744518876075745,0.6623268723487854,-0.09340886771678925,0.5497760772705078,0.6472060084342957,-0.111341193318367,0.5751451253890991,0.6131328344345093,-0.08771756291389465,0.6166704297065735,0.606167197227478,-0.0709739476442337,0.6800153851509094,0.725399374961853,-0.08862032741308212,0.5789799094200134,0.6948261260986328,-0.09955903142690659,0.6023005843162537,0.6650958061218262,-0.08220861107110977,0.6366199851036072,0.663021445274353,-0.06982523947954178,0.13202205300331116,0.6893004179000854,1.1396931398621746e-07,0.20321904122829437,0.6156298518180847,0.008512095548212528,0.2914440333843231,0.5826743245124817,-0.009822782129049301,0.3526513874530792,0.6092172861099243,-0.03312261775135994,0.3850720524787903,0.6491503119468689,-0.056501682847738266,0.30965033173561096,0.5139822363853455,-0.04822349548339844,0.3943851888179779,0.488747239112854,-0.08203236758708954,0.4475853145122528,0.48321297764778137,-0.10100685805082321,0.4881061911582947,0.4862104654312134,-0.11275467276573181,0.28948405385017395,0.5591530203819275,-0.07409599423408508,0.3871310353279114,0.6752660870552063,-0.10945305228233337,0.35036835074424744,0.6854494214057922,-0.10774436593055725,0.3171580135822296,0.656033456325531,-0.10367451608181,0.26430749893188477,0.6238720417022705,-0.09773050248622894,0.35184788703918457,0.7352808117866516,-0.12438030540943146,0.3122468888759613,0.727410078048706,-0.10612935572862625,0.2850521504878998,0.6931091547012329,-0.09154617041349411,0.23833143711090088,0.6937788128852844,-0.12094585597515106,0.31685948371887207,0.7717157602310181,-0.1265382617712021,0.28868937492370605,0.7625274062156677,-0.1034112498164177,0.25845852494239807,0.7315389513969421,-0.08653190732002258,Q
0.784521758556366,0.5942702889442444,3.3985944014602865e-07,0.7366589307785034,0.4922316074371338,-0.02755441516637802,0.6358500123023987,0.4443439245223999,-0.05010322481393814,0.5521615147590637,0.4540253281593323,-0.06300649046897888,0.4932699203491211,0.4784775674343109,-0.07620507478713989,0.6568573117256165,0.48330312967300415,-0.10135561227798462,0.537234365940094,0.5157450437545776,-0.13035571575164795,0.4798363745212555,0.5160059928894043,-0.1377740502357483,0.4481503963470459,0.5202068090438843,-0.13923096656799316,0.666617214679718,0.581835150718689,-0.09895940124988556,0.5225374698638916,0.5887552499771118,-0.12870530784130096,0.5422732830047607,0.5501139163970947,-0.12343918532133102,0.5934829115867615,0.5360099673271179,-0.11569056659936905,0.6753326058387756,0.6604416370391846,-0.09260930866003036,0.5494958758354187,0.6472318768501282,-0.11186259239912033,0.5742681622505188,0.6130115389823914,-0.08879232406616211,0.6157872080802917,0.6052489280700684,-0.07149042189121246,0.6798285841941833,0.7234830856323242,-0.08736726641654968,0.5780215263366699,0.6948837637901306,-0.09908483177423477,0.6011240482330322,0.6653470396995544,-0.0816664844751358,0.635667085647583,0.6624593138694763,-0.06875085830688477,0.13164739310741425,0.6890360116958618,1.0920324200469622e-07,0.20294970273971558,0.6155067682266235,0.008708161301910877,0.2912880778312683,0.5827217698097229,-0.009692261926829815,0.3524255156517029,0.6092578768730164,-0.03313755989074707,0.3846391439437866,0.6490153670310974,-0.05666390433907509,0.3098355829715729,0.5143066048622131,-0.04778127372264862,0.39418336749076843,0.4893801212310791,-0.08140486478805542,0.44665220379829407,0.4831872582435608,-0.10052578896284103,0.48682647943496704,0.48548099398612976,-0.11252764612436295,0.2903517782688141,0.5600846409797668,-0.07375233620405197,0.38694947957992554,0.6763920187950134,-0.10882951319217682,0.3500863015651703,0.6855449080467224,-0.10738664120435715,0.317557156085968,0.6553639769554138,-0.10374309122562408,0.26552271842956543,0.6250060796737671,-0.09744700789451599,0.3521965444087982,0.7357222437858582,-0.12371029704809189,0.3124518096446991,0.7269768714904785,-0.10557132959365845,0.2857942283153534,0.6922094225883484,-0.09132654219865799,0.23986387252807617,0.6943982243537903,-0.12072914838790894,0.317947119474411,0.7721881866455078,-0.1263137012720108,0.28939181566238403,0.7622703909873962,-0.10337308794260025,0.25952520966529846,0.7307945489883423,-0.08673500269651413,Q
0.7831037640571594,0.592002809047699,3.4179203112216783e-07,0.732798159122467,0.49056220054626465,-0.03153147175908089,0.6239449977874756,0.4498390555381775,-0.05525889992713928,0.5348988771438599,0.46293336153030396,-0.0679192841053009,0.469753235578537,0.4833030700683594,-0.08113638311624527,0.655311644077301,0.4812141954898834,-0.10938122123479843,0.537562370300293,0.5090551972389221,-0.13994240760803223,0.4777798652648926,0.5109295845031738,-0.14764299988746643,0.44069725275039673,0.5180264115333557,-0.14977766573429108,0.6661102771759033,0.5821503400802612,-0.1057770699262619,0.5207275748252869,0.5851485729217529,-0.1372581124305725,0.5438040494918823,0.5473414659500122,-0.13078218698501587,0.5956891179084778,0.534917950630188,-0.12249791622161865,0.6757410168647766,0.6621617674827576,-0.09827005118131638,0.5482268929481506,0.6450393795967102,-0.11988410353660583,0.5764818787574768,0.610490620136261,-0.09489079564809799,0.6185099482536316,0.6040303111076355,-0.07625211775302887,0.6806180477142334,0.7254278659820557,-0.09205905348062515,0.5769752264022827,0.6941710710525513,-0.10557973384857178,0.6024525165557861,0.663841187953949,-0.08713038265705109,0.637917697429657,0.6625540256500244,-0.07372201234102249,0.13061819970607758,0.6909987926483154,1.0115196147353345e-07,0.2014409303665161,0.6168703436851501,0.009977261535823345,0.28963127732276917,0.5830971598625183,-0.007891173474490643,0.35075321793556213,0.6091803312301636,-0.03127390518784523,0.38396593928337097,0.6486918330192566,-0.05477920174598694,0.3088424503803253,0.5141174793243408,-0.043839406222105026,0.3917638957500458,0.4901902377605438,-0.0761856958270073,0.44317391514778137,0.4839489459991455,-0.09468093514442444,0.4824588894844055,0.4857674241065979,-0.10651872307062149,0.2896758019924164,0.5595829486846924,-0.07007251679897308,0.3866407573223114,0.6754291653633118,-0.10515711456537247,0.3493078947067261,0.6852208375930786,-0.1041998565196991,0.3161139488220215,0.6551113724708557,-0.1005888357758522,0.26532942056655884,0.6243836283683777,-0.09398645907640457,0.35199081897735596,0.7345069646835327,-0.11997037380933762,0.31198203563690186,0.7265365719795227,-0.10189598053693771,0.28492239117622375,0.691999614238739,-0.08759592473506927,0.23995795845985413,0.6934464573860168,-0.11737693846225739,0.3179391324520111,0.7712824940681458,-0.12296508997678757,0.2886371612548828,0.7617833018302917,-0.10040706396102905,0.25911176204681396,0.7301883697509766,-0.08399049937725067,Q
0.783703625202179,0.5946974158287048,3.403399659873685e-07,0.7364978194236755,0.4920159578323364,-0.02866225317120552,0.6347070336341858,0.4443802833557129,-0.05159628018736839,0.5506697297096252,0.45434367656707764,-0.0644759088754654,0.49256467819213867,0.47831982374191284,-0.07742606848478317,0.6565041542053223,0.48704737424850464,-0.10409349203109741,0.5333632230758667,0.5166499614715576,-0.13368278741836548,0.47715187072753906,0.5151998400688171,-0.14029867947101593,0.44690805673599243,0.517863929271698,-0.14079123735427856,0.6656281352043152,0.5852819085121155,-0.10051839053630829,0.5228984355926514,0.5881527662277222,-0.13046011328697205,0.5437586307525635,0.5505313277244568,-0.1238301545381546,0.5942937731742859,0.5370525121688843,-0.11509441584348679,0.6734249591827393,0.6634513139724731,-0.09314505755901337,0.5494611859321594,0.6464136242866516,-0.11215488612651825,0.5749086141586304,0.6123296618461609,-0.08868961781263351,0.6157744526863098,0.6047587394714355,-0.07113739103078842,0.67676842212677,0.7258626222610474,-0.08698757737874985,0.5770142674446106,0.6935557723045349,-0.09840010106563568,0.6000629663467407,0.6633672714233398,-0.08148448169231415,0.6334592700004578,0.6605122089385986,-0.06896115094423294,0.13214772939682007,0.6915751695632935,1.1258076426656771e-07,0.20180940628051758,0.6183753609657288,0.008273094892501831,0.28847527503967285,0.5824340581893921,-0.009715014137327671,0.34876853227615356,0.6059814691543579,-0.032880231738090515,0.3829609155654907,0.6434152126312256,-0.05602739378809929,0.30894091725349426,0.5133637189865112,-0.04466762766242027,0.3923681676387787,0.4891694188117981,-0.07769055664539337,0.4439743757247925,0.48266905546188354,-0.096745565533638,0.48327183723449707,0.4843212962150574,-0.10887541621923447,0.28941619396209717,0.5584957599639893,-0.06993237137794495,0.3868618607521057,0.6756559610366821,-0.10556979477405548,0.3493749797344208,0.6851359009742737,-0.10498750954866409,0.3158525824546814,0.6537787914276123,-0.10162011533975601,0.26514962315559387,0.6230829954147339,-0.09308809787034988,0.3527025580406189,0.7343745231628418,-0.119918093085289,0.31251099705696106,0.72633296251297,-0.10219895094633102,0.2849995791912079,0.6906053423881531,-0.08800379186868668,0.23974931240081787,0.6922081708908081,-0.11583621799945831,0.31808730959892273,0.7709320783615112,-0.12253402173519135,0.28869909048080444,0.7615792751312256,-0.10042418539524078,0.25895771384239197,0.7292458415031433,-0.0840991884469986,Q
0.7835044264793396,0.5930994749069214,3.2462534704791324e-07,0.7352661490440369,0.4913007318973541,-0.026403281837701797,0.6344859600067139,0.4431310296058655,-0.04824736341834068,0.5524395704269409,0.45261770486831665,-0.06099189817905426,0.49552109837532043,0.4781795144081116,-0.0740526095032692,0.6538862586021423,0.4827819764614105,-0.09879282861948013,0.5344040393829346,0.5179244875907898,-0.12800586223602295,0.48004478216171265,0.5175787806510925,-0.1355568766593933,0.4524064064025879,0.5195350646972656,-0.1366097778081894,0.6644138693809509,0.5803792476654053,-0.09657695144414902,0.5250282287597656,0.5886736512184143,-0.12583623826503754,0.5447696447372437,0.5513675212860107,-0.1203814148902893,0.5949665904045105,0.536706268787384,-0.11267092078924179,0.673669159412384,0.6586219668388367,-0.09066589921712875,0.5517457723617554,0.6461107730865479,-0.10948299616575241,0.5754866003990173,0.6132821440696716,-0.08718590438365936,0.6162569522857666,0.6051232218742371,-0.07044322043657303,0.678345799446106,0.7224502563476562,-0.08580903708934784,0.5784019231796265,0.6948867440223694,-0.09698990732431412,0.6010015606880188,0.6655881404876709,-0.07997801154851913,0.6353306770324707,0.6619676351547241,-0.06730937957763672,0.1317068189382553,0.6883044242858887,1.2182478315025946e-07,0.2029213011264801,0.6173717975616455,0.00794660858809948,0.29053881764411926,0.5854067802429199,-0.010650590993463993,0.3525303602218628,0.6113549470901489,-0.03441627696156502,0.38487595319747925,0.6500268578529358,-0.05823490396142006,0.30913758277893066,0.5139147043228149,-0.04618438705801964,0.39479467272758484,0.49010223150253296,-0.07992106676101685,0.44804877042770386,0.48371633887290955,-0.09949979931116104,0.4887961447238922,0.48449063301086426,-0.11195866763591766,0.28958505392074585,0.5585827231407166,-0.07182945311069489,0.3861064314842224,0.6751852035522461,-0.10748889297246933,0.34928905963897705,0.6859769225120544,-0.10686057806015015,0.3167778253555298,0.6557306051254272,-0.1036728248000145,0.26509740948677063,0.6228715777397156,-0.09536490589380264,0.35095688700675964,0.734549343585968,-0.12234318256378174,0.31124237179756165,0.7271915674209595,-0.10465928167104721,0.28468406200408936,0.6922863721847534,-0.09057613462209702,0.2399333417415619,0.6920655965805054,-0.11861413717269897,0.31711816787719727,0.771006166934967,-0.1250726282596588,0.28831759095191956,0.762437105178833,-0.10262371599674225,0.25854408740997314,0.7312072515487671,-0.08617649972438812,Q
0.7835010290145874,0.5913717746734619,3.25868768413784e-07,0.7350442409515381,0.4908963739871979,-0.030838072299957275,0.627793550491333,0.44669878482818604,-0.05447763949632645,0.5387976169586182,0.46063828468322754,-0.06758533418178558,0.4759359657764435,0.4792923331260681,-0.0814606174826622,0.6563066840171814,0.4762896001338959,-0.10362783819437027,0.5453688502311707,0.5056093335151672,-0.13468694686889648,0.4854719340801239,0.5092759728431702,-0.1444944590330124,0.4478318393230438,0.5181900858879089,-0.14839960634708405,0.6660822033882141,0.5772409439086914,-0.10096769034862518,0.5234247446060181,0.5843595266342163,-0.13444718718528748,0.5477597713470459,0.5500136017799377,-0.13069695234298706,0.600628674030304,0.5392130613327026,-0.123456209897995,0.6748830080032349,0.6583540439605713,-0.09451895207166672,0.550129771232605,0.6470120549201965,-0.11834360659122467,0.5784322023391724,0.6140503287315369,-0.0946860983967781,0.6213646531105042,0.6071016192436218,-0.0759359747171402,0.6798513531684875,0.7238730192184448,-0.08925002813339233,0.5781728029251099,0.6969134211540222,-0.10398062318563461,0.6042824983596802,0.6670985817909241,-0.08559703826904297,0.64045649766922,0.665090024471283,-0.07159436494112015,0.13150164484977722,0.6914186477661133,1.020529225570499e-07,0.20261628925800323,0.6166708469390869,0.009710420854389668,0.2903088331222534,0.5825125575065613,-0.008397421799600124,0.3515039086341858,0.6076644659042358,-0.03187711164355278,0.38354629278182983,0.6472932696342468,-0.0555194616317749,0.3094625473022461,0.5142247676849365,-0.045943569391965866,0.39250701665878296,0.49018317461013794,-0.07927226275205612,0.4438539147377014,0.48176246881484985,-0.09821482002735138,0.48328423500061035,0.48162245750427246,-0.11018568277359009,0.2894487977027893,0.5587563514709473,-0.07220244407653809,0.387148916721344,0.6768031716346741,-0.10777445882558823,0.34956055879592896,0.6859835386276245,-0.10619813948869705,0.3159424960613251,0.6554713845252991,-0.10206936299800873,0.2645653486251831,0.6228883862495422,-0.09616486728191376,0.35128575563430786,0.7352631688117981,-0.12289783358573914,0.31093665957450867,0.726513147354126,-0.10483987629413605,0.28370583057403564,0.6916536688804626,-0.09033650159835815,0.23900794982910156,0.6920051574707031,-0.11958959698677063,0.3166888952255249,0.7714465260505676,-0.1252666711807251,0.28730839490890503,0.7613208293914795,-0.1025381088256836,0.2572786211967468,0.7294413447380066,-0.08597592264413834,Q
0.782558798789978,0.5942082405090332,2.896209991831711e-07,0.7351126670837402,0.4932863414287567,-0.029660360887646675,0.6292320489883423,0.44801759719848633,-0.052583273500204086,0.5411711931228638,0.4598858654499054,-0.06540262699127197,0.4780691862106323,0.48149627447128296,-0.07895185053348541,0.6556630730628967,0.4762279987335205,-0.10192324966192245,0.5419681072235107,0.5072410106658936,-0.13318489491939545,0.4839894771575928,0.5100696086883545,-0.14299717545509338,0.4488774240016937,0.5180949568748474,-0.1464288979768753,0.6655169725418091,0.575272798538208,-0.09961500763893127,0.5229912996292114,0.5845245122909546,-0.13242612779140472,0.5471362471580505,0.5507422685623169,-0.1285949945449829,0.5996754765510559,0.5391626954078674,-0.12150491774082184,0.6743037104606628,0.6555521488189697,-0.09369932115077972,0.5498274564743042,0.6467418670654297,-0.11696295440196991,0.5775819420814514,0.6153863668441772,-0.09387560933828354,0.6202702522277832,0.6081750392913818,-0.07565788924694061,0.6787801384925842,0.7217506170272827,-0.08893431723117828,0.5763279795646667,0.6971359848976135,-0.10365357995033264,0.6021485924720764,0.668502688407898,-0.08584681898355484,0.6387583017349243,0.6661016941070557,-0.07223869115114212,0.1322358101606369,0.6894696950912476,1.1902238128413956e-07,0.2020464837551117,0.6162585616111755,0.009219360537827015,0.2880760431289673,0.5808408260345459,-0.008841139264404774,0.3487699329853058,0.6045374274253845,-0.03240097686648369,0.3819423019886017,0.6424680352210999,-0.056174661964178085,0.3092130124568939,0.5127067565917969,-0.044011712074279785,0.3936844766139984,0.4887886047363281,-0.07656477391719818,0.4455776810646057,0.48211145401000977,-0.09518027305603027,0.4852660596370697,0.48316478729248047,-0.10709597915410995,0.29001885652542114,0.5567634701728821,-0.06962171941995621,0.38702502846717834,0.6746509075164795,-0.10463488101959229,0.34993138909339905,0.685329258441925,-0.10365445166826248,0.3169255554676056,0.6548007130622864,-0.10011983662843704,0.26599133014678955,0.6207976341247559,-0.09299341589212418,0.35185906291007996,0.7336433529853821,-0.11914249509572983,0.31167662143707275,0.7260531783103943,-0.10139777511358261,0.28452423214912415,0.6906303763389587,-0.0873790830373764,0.24103844165802002,0.6895256638526917,-0.11591799557209015,0.31731536984443665,0.7695303559303284,-0.12208707630634308,0.2874480187892914,0.7606698274612427,-0.09999742358922958,0.25773561000823975,0.7285734415054321,-0.08379772305488586,Q
0.7833619117736816,0.5945354104042053,3.193300415205158e-07,0.7371689081192017,0.49372613430023193,-0.03144366294145584,0.633844256401062,0.4483581781387329,-0.05562721937894821,0.5471321940422058,0.45781251788139343,-0.06910565495491028,0.485653281211853,0.48540982604026794,-0.08335570991039276,0.6572174429893494,0.4752926230430603,-0.10474967956542969,0.5434643626213074,0.5024398565292358,-0.13548272848129272,0.48229867219924927,0.5067214965820312,-0.14549140632152557,0.44135022163391113,0.5167441368103027,-0.14979559183120728,0.6655283570289612,0.5743234753608704,-0.1019275039434433,0.5241093039512634,0.5809532999992371,-0.13388115167617798,0.5469937324523926,0.5487218499183655,-0.12975946068763733,0.5972948670387268,0.5387282967567444,-0.12309819459915161,0.6736248731613159,0.6559303402900696,-0.09545380622148514,0.5485059022903442,0.6434853672981262,-0.11765491217374802,0.5756407380104065,0.6115973591804504,-0.09400853514671326,0.6172989010810852,0.6058319211006165,-0.07593235373497009,0.677863359451294,0.7219364047050476,-0.09040679782629013,0.5768643021583557,0.693244218826294,-0.10457073152065277,0.6008743047714233,0.663125216960907,-0.08658108860254288,0.6359777450561523,0.6618858575820923,-0.07307620346546173,0.1328900009393692,0.6886565685272217,9.922003130213852e-08,0.20290100574493408,0.6149672269821167,0.008749737404286861,0.2896348536014557,0.5802419781684875,-0.008178461343050003,0.3508589267730713,0.6048634052276611,-0.030245989561080933,0.38454145193099976,0.646114706993103,-0.052220020443201065,0.3097308576107025,0.5126326084136963,-0.043949633836746216,0.39348429441452026,0.48900964856147766,-0.07650855928659439,0.444841206073761,0.4818685054779053,-0.09535233676433563,0.4846075773239136,0.4826720952987671,-0.10733770579099655,0.2906396985054016,0.5573381185531616,-0.06935419887304306,0.3867850601673126,0.6739530563354492,-0.10362741351127625,0.35057851672172546,0.682652473449707,-0.10254007577896118,0.31829819083213806,0.6526885628700256,-0.0991268903017044,0.2663223147392273,0.6214848756790161,-0.09266367554664612,0.3512655794620514,0.7329494953155518,-0.11849526315927505,0.3118312656879425,0.723877489566803,-0.10132532566785812,0.2855110764503479,0.6893202662467957,-0.08764522522687912,0.24099570512771606,0.6905104517936707,-0.11563670635223389,0.31746822595596313,0.7702354192733765,-0.12133478373289108,0.2885854244232178,0.7598915100097656,-0.09935937821865082,0.25859737396240234,0.7280625104904175,-0.0832793191075325,Q
0.782093346118927,0.594936728477478,3.2705904118301987e-07,0.7340516448020935,0.4933681786060333,-0.032699886709451675,0.6266708970069885,0.45179638266563416,-0.056960634887218475,0.5367929339408875,0.46330320835113525,-0.06975991278886795,0.4727826714515686,0.4921051263809204,-0.08341677486896515,0.6569096446037292,0.4773119390010834,-0.10874703526496887,0.5445430278778076,0.5026407837867737,-0.14005416631698608,0.4836410582065582,0.5049453377723694,-0.14977145195007324,0.4416079819202423,0.5129395723342896,-0.15398293733596802,0.6656262278556824,0.5761401653289795,-0.10518238693475723,0.523548424243927,0.5797580480575562,-0.13758303225040436,0.5475555062294006,0.5468409061431885,-0.13265733420848846,0.5980061888694763,0.5368702411651611,-0.1255113184452057,0.6739820837974548,0.657366931438446,-0.09784727543592453,0.5486963987350464,0.6425758004188538,-0.1207159087061882,0.5770854353904724,0.6100456118583679,-0.09636338800191879,0.6189084053039551,0.6045986413955688,-0.07770752161741257,0.6785393953323364,0.7226132750511169,-0.09192349761724472,0.5775799751281738,0.6934221982955933,-0.10663799941539764,0.6019594073295593,0.6627933382987976,-0.08842901140451431,0.6369273662567139,0.6621266603469849,-0.07481694221496582,0.13323016464710236,0.6891719102859497,1.0694252949861038e-07,0.20136705040931702,0.615619421005249,0.008334387093782425,0.28811514377593994,0.5800002813339233,-0.008879974484443665,0.34933000802993774,0.6024435758590698,-0.03112092614173889,0.3836720287799835,0.6394826769828796,-0.053353406488895416,0.3090232312679291,0.5125656723976135,-0.044830743223428726,0.3941842019557953,0.4881487488746643,-0.07752387225627899,0.44631776213645935,0.48200690746307373,-0.09637695550918579,0.4858301281929016,0.483384907245636,-0.10825996845960617,0.28970012068748474,0.5574352741241455,-0.06963186711072922,0.38658595085144043,0.6744590997695923,-0.10438432544469833,0.35016947984695435,0.6844288110733032,-0.1036631241440773,0.3176756203174591,0.6539283990859985,-0.1004207506775856,0.2656947076320648,0.6218208074569702,-0.09222579747438431,0.3516421914100647,0.7331733703613281,-0.11827236413955688,0.3118796944618225,0.7248175144195557,-0.10090067237615585,0.28519827127456665,0.6897910237312317,-0.08708569407463074,0.240901380777359,0.6904950141906738,-0.11439242213964462,0.3181731104850769,0.7701371312141418,-0.1203518658876419,0.28922539949417114,0.7607414722442627,-0.09824682027101517,0.25963205099105835,0.7287726402282715,-0.08197206258773804,Q
0.7817800045013428,0.5932422280311584,3.156227990075422e-07,0.7343833446502686,0.4923834800720215,-0.03188474848866463,0.6284963488578796,0.4468538761138916,-0.055632561445236206,0.5407809019088745,0.4590986669063568,-0.06843731552362442,0.478307843208313,0.48781123757362366,-0.08173681795597076,0.6578667759895325,0.47855135798454285,-0.10519590973854065,0.5449562668800354,0.5070400238037109,-0.13689839839935303,0.48510992527008057,0.5073615908622742,-0.14660954475402832,0.44648489356040955,0.5137571096420288,-0.1499735414981842,0.6669153571128845,0.5773141980171204,-0.1015891283750534,0.5238820314407349,0.5826780200004578,-0.13418549299240112,0.548012375831604,0.548786461353302,-0.12954406440258026,0.600084125995636,0.5379180312156677,-0.12192271649837494,0.6749805808067322,0.6569643020629883,-0.0944085642695427,0.5512807965278625,0.6429325938224792,-0.11777279525995255,0.5794504284858704,0.6109613180160522,-0.09407391399145126,0.621708333492279,0.6050422191619873,-0.07528050988912582,0.6786416172981262,0.7217509746551514,-0.08860713243484497,0.5771500468254089,0.6916353702545166,-0.10350020229816437,0.6025656461715698,0.661544144153595,-0.08553881198167801,0.638508677482605,0.6600775718688965,-0.07173755019903183,0.1326735019683838,0.6884364485740662,1.058461691627599e-07,0.20363110303878784,0.6164684891700745,0.00816591177135706,0.29173606634140015,0.5842775702476501,-0.00972710270434618,0.3535142242908478,0.6110448837280273,-0.03277165815234184,0.38606953620910645,0.6509295701980591,-0.05570569261908531,0.30984818935394287,0.5122553110122681,-0.044582124799489975,0.39326030015945435,0.48776185512542725,-0.07752569019794464,0.4451633095741272,0.4808824062347412,-0.0967477411031723,0.4849901497364044,0.4817975163459778,-0.10899583995342255,0.2902657687664032,0.557217538356781,-0.06993986666202545,0.38589200377464294,0.6734245419502258,-0.10514586418867111,0.3493223190307617,0.6827470660209656,-0.104680135846138,0.31683671474456787,0.6526007056236267,-0.10153691470623016,0.26585766673088074,0.6214318871498108,-0.0931873545050621,0.3518155813217163,0.7326300144195557,-0.11978574097156525,0.312458336353302,0.7242591977119446,-0.1024501845240593,0.2857467234134674,0.689700722694397,-0.08845710754394531,0.24077647924423218,0.6901155710220337,-0.11612798273563385,0.31829962134361267,0.7691532969474792,-0.12221317738294601,0.28995412588119507,0.7597759366035461,-0.09999372810125351,0.2604943513870239,0.7283434271812439,-0.08363177627325058,Q
0.782723605632782,0.5925825834274292,3.147922313928575e-07,0.7354075312614441,0.49191543459892273,-0.031085573136806488,0.6297085285186768,0.4476827383041382,-0.05453135818243027,0.5419738292694092,0.45950135588645935,-0.06738057732582092,0.47922080755233765,0.4828633666038513,-0.08080276846885681,0.657964289188385,0.47834867238998413,-0.10352606326341629,0.5448688268661499,0.5067253112792969,-0.13483873009681702,0.4854811429977417,0.5077043175697327,-0.14444611966609955,0.4479188919067383,0.5143876075744629,-0.14783638715744019,0.666788637638092,0.5770195126533508,-0.10039869695901871,0.5241613388061523,0.5823005437850952,-0.1330268532037735,0.5478630661964417,0.5487610697746277,-0.1287689357995987,0.5999404191970825,0.5382826924324036,-0.12135235965251923,0.675078809261322,0.6568629741668701,-0.09367883950471878,0.5513341426849365,0.643587052822113,-0.11681543290615082,0.5789082646369934,0.611296534538269,-0.09335410594940186,0.6212576031684875,0.6050757765769958,-0.07482481002807617,0.6792954802513123,0.7215901017189026,-0.08826076239347458,0.5782057642936707,0.6928495168685913,-0.10291676968336105,0.6031085252761841,0.6627416610717773,-0.08498214185237885,0.6390041708946228,0.6609225273132324,-0.07122571021318436,0.13320821523666382,0.6897896528244019,1.0748181011877023e-07,0.20234280824661255,0.6170352101325989,0.00822783075273037,0.2895078957080841,0.5829352140426636,-0.009481930173933506,0.351087749004364,0.6075822710990906,-0.032270461320877075,0.3853709399700165,0.6456143856048584,-0.0549749918282032,0.3093036711215973,0.5125183463096619,-0.0452413335442543,0.39343369007110596,0.4870821237564087,-0.0784837156534195,0.4453771114349365,0.4803231954574585,-0.09770117700099945,0.485187292098999,0.48146504163742065,-0.10978332161903381,0.2897358238697052,0.55719393491745,-0.07038933038711548,0.3865879774093628,0.6730432510375977,-0.10579139739274979,0.35007166862487793,0.6831179261207581,-0.10519664734601974,0.31747934222221375,0.6534042358398438,-0.1018742099404335,0.26553747057914734,0.62127685546875,-0.09340567886829376,0.35183507204055786,0.7320801019668579,-0.12018512189388275,0.3121931254863739,0.7241854667663574,-0.10277044773101807,0.285442978143692,0.6896767020225525,-0.08869441598653793,0.24059297144412994,0.6900303363800049,-0.11602654308080673,0.3184577524662018,0.7691847085952759,-0.12230566143989563,0.28966835141181946,0.7602488398551941,-0.10006655007600784,0.2601211965084076,0.7288097143173218,-0.0836610272526741,Q
0.7841815948486328,0.596099317073822,3.005550013313041e-07,0.7380657196044922,0.49304699897766113,-0.032135993242263794,0.6329300403594971,0.44505584239959717,-0.05481274425983429,0.5462677478790283,0.4580842852592468,-0.06679125130176544,0.48478806018829346,0.4830557703971863,-0.0791182890534401,0.6596939563751221,0.4766640365123749,-0.10129691660404205,0.5474514961242676,0.5062210559844971,-0.13145382702350616,0.4877042770385742,0.5096954703330994,-0.1403779685497284,0.4486374258995056,0.5187118649482727,-0.1435128152370453,0.6685233116149902,0.5760310292243958,-0.09735265374183655,0.5262818932533264,0.5823041200637817,-0.1301591545343399,0.5496954321861267,0.5492061972618103,-0.12643298506736755,0.6011776924133301,0.5376309752464294,-0.11895683407783508,0.6757692694664001,0.6562504768371582,-0.09006039053201675,0.5526236295700073,0.6430407762527466,-0.11376681178808212,0.5803859829902649,0.6117526292800903,-0.09171602874994278,0.6222953796386719,0.6048345565795898,-0.07361125946044922,0.677948534488678,0.721142590045929,-0.08417563885450363,0.5763478875160217,0.6912469863891602,-0.09916631132364273,0.6020046472549438,0.662341296672821,-0.08240915089845657,0.6380086541175842,0.6598696708679199,-0.06933146715164185,0.1329607516527176,0.6885325312614441,1.104130902263023e-07,0.2033388614654541,0.6165903806686401,0.009158603847026825,0.29107919335365295,0.583271324634552,-0.008409558795392513,0.35285496711730957,0.6091093420982361,-0.03136057406663895,0.3862343430519104,0.6484864950180054,-0.05431992933154106,0.3103225827217102,0.5118085741996765,-0.0437258705496788,0.39475855231285095,0.4867194890975952,-0.07608409225940704,0.44672349095344543,0.4790818989276886,-0.09462272375822067,0.4865654706954956,0.47920989990234375,-0.10645650327205658,0.2911709249019623,0.5553909540176392,-0.06943067908287048,0.38726145029067993,0.6715800166130066,-0.10376773029565811,0.3506155014038086,0.6823486685752869,-0.10258614271879196,0.31816378235816956,0.6529245972633362,-0.09914299845695496,0.26665085554122925,0.6188928484916687,-0.0929449051618576,0.3527309000492096,0.731141984462738,-0.11894631385803223,0.31309059262275696,0.7241448163986206,-0.1012616902589798,0.28646233677864075,0.6897717118263245,-0.08732675015926361,0.24118776619434357,0.6874098181724548,-0.11605659872293472,0.3185788094997406,0.7680457830429077,-0.12197814136743546,0.28967177867889404,0.7595310211181641,-0.09970136731863022,0.2599794268608093,0.7280632853507996,-0.08345761895179749,Q
0.7826758027076721,0.5958556532859802,3.320411963159131e-07,0.736085057258606,0.4923097491264343,-0.03334948793053627,0.6293226480484009,0.4476550817489624,-0.05732046440243721,0.5403090715408325,0.46065208315849304,-0.06974612176418304,0.4781702160835266,0.4888046085834503,-0.08313219249248505,0.6595088243484497,0.4742087721824646,-0.10665971785783768,0.5525732636451721,0.5003190636634827,-0.13750901818275452,0.4884774684906006,0.5054598450660706,-0.14806367456912994,0.4425226151943207,0.5171304941177368,-0.15343661606311798,0.6676596403121948,0.5748633146286011,-0.10304059088230133,0.5266104936599731,0.5779024958610535,-0.13706830143928528,0.5509277582168579,0.5455357432365417,-0.1339104324579239,0.6029359698295593,0.5365661978721619,-0.1271609365940094,0.6748653054237366,0.6574499011039734,-0.09559974819421768,0.5508189797401428,0.6433164477348328,-0.12020552903413773,0.5797736644744873,0.6098228693008423,-0.09721565991640091,0.6228209733963013,0.6032109260559082,-0.07855439186096191,0.6785610318183899,0.7231042981147766,-0.08956775814294815,0.5771440863609314,0.6939309239387512,-0.10503996163606644,0.6022664904594421,0.6622424721717834,-0.08719965815544128,0.6385583281517029,0.6600196361541748,-0.07345052808523178,0.1332424283027649,0.6880427002906799,1.0062624511419926e-07,0.20332017540931702,0.614301323890686,0.009395447559654713,0.2899447977542877,0.5783072113990784,-0.007414259482175112,0.35098665952682495,0.6006381511688232,-0.029440797865390778,0.3850872814655304,0.6377843022346497,-0.051496490836143494,0.3113565444946289,0.5120012164115906,-0.04433721676468849,0.3950704336166382,0.4861597716808319,-0.07727999240159988,0.44719600677490234,0.480304479598999,-0.09606451541185379,0.48687317967414856,0.48276087641716003,-0.1077665388584137,0.29256147146224976,0.5563458800315857,-0.06987054646015167,0.3881741762161255,0.6717909574508667,-0.10383585840463638,0.3523310422897339,0.6820797920227051,-0.10259436815977097,0.3203551173210144,0.6520562171936035,-0.09918162971735,0.2682558596134186,0.6204372644424438,-0.09322662651538849,0.352952241897583,0.7315712571144104,-0.11910608410835266,0.3134613335132599,0.7237001657485962,-0.10196273773908615,0.28697773814201355,0.688517153263092,-0.0883488804101944,0.24266692996025085,0.6892033815383911,-0.11608420312404633,0.3185725808143616,0.7687665224075317,-0.12206851691007614,0.28985732793807983,0.7598152160644531,-0.10013385862112045,0.2602182924747467,0.7280928492546082,-0.08396337926387787,Q
0.7816904187202454,0.5953789353370667,3.3358395512550487e-07,0.7361550331115723,0.490898072719574,-0.03307586535811424,0.6282593607902527,0.4467024803161621,-0.05703475698828697,0.53901207447052,0.46170204877853394,-0.06964673846960068,0.4745771884918213,0.4862735867500305,-0.08305734395980835,0.6600039005279541,0.4778870642185211,-0.10610628128051758,0.5510653853416443,0.5065835118293762,-0.13779722154140472,0.4865897297859192,0.50584876537323,-0.14796800911426544,0.4427294135093689,0.5105365514755249,-0.15236341953277588,0.6684868335723877,0.5773749351501465,-0.10263895988464355,0.5246589183807373,0.5806472897529602,-0.13761410117149353,0.5499728322029114,0.547573447227478,-0.13434141874313354,0.6040822863578796,0.5386097431182861,-0.12682554125785828,0.6761281490325928,0.6575239896774292,-0.09538833051919937,0.5513812303543091,0.6426841020584106,-0.12107197195291519,0.5806425213813782,0.6097583174705505,-0.09767813980579376,0.6238670349121094,0.6041913628578186,-0.07813440263271332,0.6800093054771423,0.7220231294631958,-0.08941913396120071,0.5764598250389099,0.6921234130859375,-0.1054379791021347,0.6021824479103088,0.6610308289527893,-0.08713434636592865,0.6388590335845947,0.6596024036407471,-0.07269695401191711,0.13325297832489014,0.6904229521751404,9.253606947368098e-08,0.20221981406211853,0.6147869229316711,0.010004932060837746,0.28827017545700073,0.5770395994186401,-0.006891470868140459,0.3491183817386627,0.5980411767959595,-0.029146388173103333,0.3840552568435669,0.6346538066864014,-0.05149991437792778,0.311207115650177,0.5120911598205566,-0.04384705051779747,0.3948709964752197,0.4871813654899597,-0.07599150389432907,0.4462190866470337,0.47999757528305054,-0.09391745924949646,0.48540326952934265,0.4804101586341858,-0.105166956782341,0.2930954396724701,0.5564121007919312,-0.06926896423101425,0.38893213868141174,0.6716803312301636,-0.1031736209988594,0.3520408570766449,0.6825939416885376,-0.10138392448425293,0.31951797008514404,0.6526474952697754,-0.09733974933624268,0.2694412171840668,0.6207942962646484,-0.09236126393079758,0.3539392948150635,0.7313408851623535,-0.11810459941625595,0.3140661120414734,0.724258303642273,-0.10042861104011536,0.2872330844402313,0.6896757483482361,-0.08634386211633682,0.24425950646400452,0.6898462772369385,-0.1148277223110199,0.31976842880249023,0.768762469291687,-0.12055014073848724,0.29049476981163025,0.7601082921028137,-0.09843626618385315,0.2610175609588623,0.7286618947982788,-0.08213416486978531,Q
0.7822648882865906,0.5984951257705688,3.2047950071500964e-07,0.7380233407020569,0.49390262365341187,-0.03352568298578262,0.6314351558685303,0.4468860626220703,-0.0574432797729969,0.5428372621536255,0.4592505097389221,-0.06994790583848953,0.4790889620780945,0.48345786333084106,-0.08301594108343124,0.6601231694221497,0.47700271010398865,-0.10750745981931686,0.5454199910163879,0.505399227142334,-0.13856357336044312,0.48351162672042847,0.5066958069801331,-0.14750072360038757,0.4425203800201416,0.5134226083755493,-0.1507936269044876,0.6684436798095703,0.5773246884346008,-0.10307681560516357,0.5254437923431396,0.5810824036598206,-0.13633735477924347,0.5502508282661438,0.5484921932220459,-0.13156479597091675,0.6025589108467102,0.5386035442352295,-0.12366542965173721,0.6759122014045715,0.6581018567085266,-0.09504617750644684,0.5517452955245972,0.6426018476486206,-0.11865130811929703,0.5807841420173645,0.6111815571784973,-0.0948941558599472,0.6228864789009094,0.6057003140449524,-0.07603815943002701,0.6785993576049805,0.7231348156929016,-0.08849301934242249,0.5767306685447693,0.6910723447799683,-0.10351676493883133,0.6027653217315674,0.6621248126029968,-0.08590802550315857,0.6384313106536865,0.66116863489151,-0.0724514052271843,0.13352102041244507,0.6888338923454285,9.86023351856602e-08,0.20270943641662598,0.6138954162597656,0.009793080389499664,0.2881237864494324,0.5763375759124756,-0.007328798994421959,0.3487287163734436,0.5975515842437744,-0.029791448265314102,0.3840612769126892,0.6346331834793091,-0.052358388900756836,0.3108893930912018,0.511466383934021,-0.04426615312695503,0.39457830786705017,0.4861588478088379,-0.0763857513666153,0.44598203897476196,0.4796693027019501,-0.09429903328418732,0.4849597215652466,0.48076775670051575,-0.10557457059621811,0.2928277552127838,0.5555941462516785,-0.06965639442205429,0.3886311948299408,0.6710575819015503,-0.10339319705963135,0.35243767499923706,0.682602047920227,-0.1017228290438652,0.320107638835907,0.6527556777000427,-0.09796218574047089,0.26920098066329956,0.6198583841323853,-0.09271256625652313,0.35365739464759827,0.731019139289856,-0.11834878474473953,0.31430917978286743,0.7244800925254822,-0.10083620995283127,0.28759586811065674,0.6896050572395325,-0.08705009520053864,0.24402934312820435,0.6888031959533691,-0.11517030000686646,0.3193323612213135,0.7682062387466431,-0.12107756733894348,0.2903609573841095,0.7598077058792114,-0.09915698319673538,0.2608477473258972,0.7281390428543091,-0.08305241912603378,Q
0.7836089134216309,0.5955063104629517,3.2854200071597006e-07,0.7373872399330139,0.4928937554359436,-0.03187882527709007,0.6303176283836365,0.44772881269454956,-0.05606495589017868,0.5407012104988098,0.45915937423706055,-0.06893803924322128,0.4770827293395996,0.4831591844558716,-0.08287173509597778,0.6616644859313965,0.4780832529067993,-0.10792914032936096,0.5533466935157776,0.5009658336639404,-0.13906727731227875,0.48958197236061096,0.5046370029449463,-0.14928488433361053,0.4442128539085388,0.5152935981750488,-0.15428942441940308,0.6694434881210327,0.5778202414512634,-0.10512606054544449,0.5259085893630981,0.5785388946533203,-0.13851098716259003,0.5497288107872009,0.5455711483955383,-0.1345410794019699,0.6009507775306702,0.5370136499404907,-0.12763261795043945,0.6765291094779968,0.6592687964439392,-0.09824513643980026,0.54997318983078,0.6434381604194641,-0.12210920453071594,0.5785369873046875,0.6090788841247559,-0.09807702153921127,0.620840847492218,0.6030755639076233,-0.07916419953107834,0.6803784370422363,0.7241377830505371,-0.09261803328990936,0.577841579914093,0.693673312664032,-0.10757612437009811,0.6025107502937317,0.660473644733429,-0.0889812633395195,0.6380233764648438,0.6587947010993958,-0.07490257918834686,0.1329750418663025,0.6889974474906921,9.634121056478762e-08,0.20500104129314423,0.6171498894691467,0.009517178870737553,0.2933253347873688,0.5843209028244019,-0.007981463335454464,0.35430774092674255,0.610461413860321,-0.030820082873106003,0.3869033753871918,0.6501508951187134,-0.053722020238637924,0.31142398715019226,0.5128940343856812,-0.04454028233885765,0.39498504996299744,0.4879467189311981,-0.07639191299676895,0.4459737539291382,0.4799395203590393,-0.09445798397064209,0.48541978001594543,0.4798399806022644,-0.10609431564807892,0.29190853238105774,0.5569708943367004,-0.07053454220294952,0.387991726398468,0.6730153560638428,-0.10452939569950104,0.3510020971298218,0.6838806867599487,-0.10315894335508347,0.318837970495224,0.655116856098175,-0.09964676201343536,0.26743948459625244,0.6209716200828552,-0.09419673681259155,0.353407621383667,0.7330169677734375,-0.11947734653949738,0.3136868476867676,0.7256357669830322,-0.10151679813861847,0.28734657168388367,0.691851019859314,-0.08753743767738342,0.242214173078537,0.690015435218811,-0.11747165024280548,0.3194408714771271,0.769607663154602,-0.12258420884609222,0.29067450761795044,0.760699987411499,-0.1000002771615982,0.26117098331451416,0.7300853729248047,-0.08367977291345596,Q
0.7840642929077148,0.5993615388870239,3.1918614240566967e-07,0.7373519539833069,0.49625226855278015,-0.03197001665830612,0.6293312907218933,0.4502451717853546,-0.05503874272108078,0.539084792137146,0.46409279108047485,-0.06713667511940002,0.4727671146392822,0.48145902156829834,-0.07985397428274155,0.6606356501579285,0.47810691595077515,-0.10431346297264099,0.5475025773048401,0.5041227340698242,-0.1346520185470581,0.48472607135772705,0.5065646767616272,-0.143403097987175,0.44311976432800293,0.5153036117553711,-0.14670716226100922,0.669077455997467,0.5782510638237,-0.10067254304885864,0.52525395154953,0.5827853679656982,-0.13342846930027008,0.5488937497138977,0.5498275756835938,-0.12896928191184998,0.6009255051612854,0.5400307178497314,-0.121346116065979,0.6768442988395691,0.6589227914810181,-0.09334991872310638,0.5516952276229858,0.644650936126709,-0.11669167876243591,0.5800448656082153,0.61278235912323,-0.09285139292478561,0.6218924522399902,0.6073008179664612,-0.07405003905296326,0.6799508929252625,0.724419116973877,-0.08731760829687119,0.5780720710754395,0.6935595273971558,-0.10204723477363586,0.6039248108863831,0.6641660928726196,-0.08405067771673203,0.6392512321472168,0.6631268858909607,-0.07036003470420837,0.1328587532043457,0.6888620853424072,9.171224490955865e-08,0.20357224345207214,0.6154640316963196,0.009563378989696503,0.29183125495910645,0.581647515296936,-0.007737040985375643,0.35287079215049744,0.6078076362609863,-0.030494265258312225,0.3854016661643982,0.648748517036438,-0.05350097268819809,0.31111791729927063,0.5129368305206299,-0.04355765879154205,0.3951190412044525,0.4898317754268646,-0.07447462528944016,0.44599229097366333,0.481560081243515,-0.09217792004346848,0.4854048788547516,0.47960686683654785,-0.1039317324757576,0.2919418513774872,0.556725800037384,-0.06934542953968048,0.3871479630470276,0.6730683445930481,-0.1030995324254036,0.3499266803264618,0.6843515038490295,-0.10203160345554352,0.31715166568756104,0.654996931552887,-0.09887059777975082,0.26753535866737366,0.6210248470306396,-0.09269814938306808,0.3525509834289551,0.7321264743804932,-0.11776098608970642,0.31245893239974976,0.725294291973114,-0.09980897605419159,0.2854853570461273,0.6914117336273193,-0.08594145625829697,0.24215397238731384,0.6902704834938049,-0.11562612652778625,0.31930410861968994,0.7691882252693176,-0.12087047100067139,0.290120393037796,0.7607118487358093,-0.09845185279846191,0.2604306936264038,0.7302448749542236,-0.08228489756584167,Q
0.7838987112045288,0.5942946672439575,3.3105948205047753e-07,0.7357056140899658,0.49206870794296265,-0.030261535197496414,0.6305637955665588,0.4484279155731201,-0.05381631478667259,0.5440035462379456,0.46113109588623047,-0.06696426123380661,0.4820133447647095,0.48137620091438293,-0.0808802917599678,0.6588379740715027,0.478554904460907,-0.1024416908621788,0.5474124550819397,0.505433201789856,-0.1325439065694809,0.48638486862182617,0.5055352449417114,-0.1421482414007187,0.4456965923309326,0.5110193490982056,-0.1462337076663971,0.6675969958305359,0.577058732509613,-0.10006466507911682,0.5248706340789795,0.580906331539154,-0.13182426989078522,0.547579288482666,0.5474430322647095,-0.12800787389278412,0.5987033247947693,0.5374945402145386,-0.12133469432592392,0.675719141960144,0.6572903394699097,-0.09385424107313156,0.5501816272735596,0.6429905295372009,-0.11602920293807983,0.5761841535568237,0.6098193526268005,-0.0926349014043808,0.6175022721290588,0.6040533781051636,-0.07453951984643936,0.6797590255737305,0.7226076126098633,-0.08888978511095047,0.5774551630020142,0.693192720413208,-0.1028628721833229,0.6011665463447571,0.6611618399620056,-0.08454684913158417,0.6361181735992432,0.658991813659668,-0.07074283808469772,0.13212352991104126,0.6905211210250854,1.0473083023043728e-07,0.20246820151805878,0.6169376969337463,0.008648594841361046,0.29131001234054565,0.5828753113746643,-0.00901796855032444,0.3530696928501129,0.6093476414680481,-0.03196985647082329,0.38674938678741455,0.6497907638549805,-0.05506531149148941,0.3100988566875458,0.5125442147254944,-0.043773192912340164,0.3936537802219391,0.48877474665641785,-0.0752355307340622,0.4447323679924011,0.48096024990081787,-0.09320653975009918,0.4840848445892334,0.48005297780036926,-0.10495013743638992,0.2910372018814087,0.5570078492164612,-0.0691704973578453,0.3874858319759369,0.6728745698928833,-0.10362259298563004,0.3501140773296356,0.684298038482666,-0.10277345031499863,0.31710031628608704,0.6553356647491455,-0.09940002858638763,0.2666165232658386,0.6217911243438721,-0.09226696193218231,0.35258999466896057,0.7322016954421997,-0.11813674122095108,0.31264176964759827,0.7255896925926208,-0.1001899465918541,0.28577756881713867,0.6920629143714905,-0.0859508141875267,0.24102634191513062,0.691301167011261,-0.11495786160230637,0.3186018466949463,0.7692816853523254,-0.12064309418201447,0.28949204087257385,0.7609594464302063,-0.09806792438030243,0.2600712478160858,0.7305705547332764,-0.08162184804677963,Q
0.785065233707428,0.5963973999023438,3.0871495937390137e-07,0.7379230260848999,0.4950069785118103,-0.029297014698386192,0.6335194110870361,0.4477984309196472,-0.05179722607135773,0.5468957424163818,0.45929259061813354,-0.06439225375652313,0.48471373319625854,0.47942912578582764,-0.07762062549591064,0.6596238613128662,0.4778648018836975,-0.09894268214702606,0.5471760034561157,0.504335880279541,-0.12838490307331085,0.4866136312484741,0.506855309009552,-0.1373182237148285,0.44734328985214233,0.5155037641525269,-0.14071868360042572,0.668274462223053,0.5762708187103271,-0.09682434797286987,0.5250928401947021,0.5821881890296936,-0.12838530540466309,0.5476531386375427,0.5493032932281494,-0.12463648617267609,0.5988692045211792,0.5395045876502991,-0.11771348863840103,0.6762344837188721,0.6561676263809204,-0.09102801233530045,0.55088210105896,0.6432364583015442,-0.11315029859542847,0.5775360465049744,0.6116482615470886,-0.09001709520816803,0.6190148591995239,0.606155514717102,-0.07195568829774857,0.6799003481864929,0.7212822437286377,-0.0864119827747345,0.5778902173042297,0.6923099160194397,-0.10000743716955185,0.6026367545127869,0.662975549697876,-0.08181560784578323,0.6378961801528931,0.6615889072418213,-0.06810697913169861,0.13196085393428802,0.6909286975860596,1.0365474167883804e-07,0.20175135135650635,0.617161750793457,0.008396868593990803,0.29009929299354553,0.5820244550704956,-0.00892093125730753,0.35154685378074646,0.6079300045967102,-0.03161424770951271,0.38630133867263794,0.648476243019104,-0.054408229887485504,0.3091742992401123,0.5120711326599121,-0.04195483773946762,0.3925689458847046,0.4883284866809845,-0.07262945920228958,0.44312167167663574,0.4802650213241577,-0.09020812064409256,0.48214322328567505,0.47920382022857666,-0.10187499970197678,0.29063358902931213,0.5566244125366211,-0.06719795614480972,0.3874468207359314,0.6716747283935547,-0.10149537026882172,0.35032349824905396,0.6829140782356262,-0.10116766393184662,0.3171345889568329,0.6537181735038757,-0.09816451370716095,0.26671963930130005,0.6214460134506226,-0.09022757411003113,0.35263893008232117,0.731227695941925,-0.11608399450778961,0.31261688470840454,0.7246521711349487,-0.09866409003734589,0.2855226993560791,0.6907618045806885,-0.08480897545814514,0.24127650260925293,0.6908312439918518,-0.11289750784635544,0.31862279772758484,0.7684281468391418,-0.11899983137845993,0.2890814244747162,0.7601243257522583,-0.09701284766197205,0.2593073844909668,0.7296796441078186,-0.08095267415046692,Q
0.783791184425354,0.5965374112129211,3.6159295291327e-07,0.7353551387786865,0.49454087018966675,-0.03207884728908539,0.629361093044281,0.44921547174453735,-0.05672328546643257,0.5418778657913208,0.46185505390167236,-0.07027649134397507,0.4795217514038086,0.4813733994960785,-0.08463054150342941,0.6606698036193848,0.47646838426589966,-0.10717356950044632,0.5505643486976624,0.5023391246795654,-0.1382574886083603,0.48619312047958374,0.5029429197311401,-0.14814214408397675,0.44202664494514465,0.5089439153671265,-0.15260381996631622,0.6696021556854248,0.5757534503936768,-0.10479289293289185,0.5226777195930481,0.580519437789917,-0.13885928690433502,0.5455686450004578,0.5466402769088745,-0.13544940948486328,0.598838210105896,0.5368959903717041,-0.12826357781887054,0.6772274971008301,0.6572470664978027,-0.09842372685670853,0.5489091873168945,0.6437443494796753,-0.12335756421089172,0.5766035914421082,0.6089600324630737,-0.10009787976741791,0.6197318434715271,0.6024835705757141,-0.08098713308572769,0.6808245778083801,0.7230903506278992,-0.09322066605091095,0.5758377313613892,0.6940373778343201,-0.10881821066141129,0.6002775430679321,0.6607564687728882,-0.090375617146492,0.636607825756073,0.6584876775741577,-0.0759965106844902,0.13258515298366547,0.6913061141967773,1.0869103306276884e-07,0.20215213298797607,0.618345320224762,0.007467051036655903,0.2899697721004486,0.583881139755249,-0.010007853619754314,0.35152849555015564,0.6090783476829529,-0.032588038593530655,0.386068731546402,0.6484158039093018,-0.05507687106728554,0.30948492884635925,0.5119355320930481,-0.04324083402752876,0.39357805252075195,0.4877244234085083,-0.07488471269607544,0.4448471665382385,0.48003488779067993,-0.09305654466152191,0.48398926854133606,0.4798021912574768,-0.10487653315067291,0.29035553336143494,0.5569555759429932,-0.0681474581360817,0.38667410612106323,0.6718285083770752,-0.10266724973917007,0.3497166633605957,0.6819956302642822,-0.10216326266527176,0.3169136643409729,0.6521739959716797,-0.09911017119884491,0.2659165859222412,0.6215955018997192,-0.09103662520647049,0.35205280780792236,0.7316281199455261,-0.11762775480747223,0.3122106194496155,0.7243858575820923,-0.10049434751272202,0.28543752431869507,0.6901029944419861,-0.08672814071178436,0.24015776813030243,0.6909052133560181,-0.11362044513225555,0.31768035888671875,0.7688900232315063,-0.12039598077535629,0.28852519392967224,0.7598578333854675,-0.09860578924417496,0.2585517466068268,0.7287514209747314,-0.08257361501455307,Q
0.7834035158157349,0.5992268323898315,3.4137437410208804e-07,0.7357526421546936,0.4958289861679077,-0.032359302043914795,0.6300787329673767,0.45046108961105347,-0.05667838081717491,0.54276442527771,0.4605993330478668,-0.06977490335702896,0.4797760546207428,0.48290133476257324,-0.08359429240226746,0.6597856283187866,0.4790729582309723,-0.10807953029870987,0.5468438267707825,0.5039969682693481,-0.13834120333194733,0.48462536931037903,0.5053405165672302,-0.14739082753658295,0.4424850344657898,0.5131334066390991,-0.1511812061071396,0.6682097911834717,0.5781548023223877,-0.1047721654176712,0.5236797332763672,0.5825474858283997,-0.13617035746574402,0.5454605221748352,0.5488570928573608,-0.13097111880779266,0.5965062379837036,0.5391989350318909,-0.12365621328353882,0.6759854555130005,0.6594759225845337,-0.09766244888305664,0.5488123297691345,0.6440021991729736,-0.12025272101163864,0.57574462890625,0.6095163822174072,-0.09640505164861679,0.6175052523612976,0.6039078235626221,-0.07798600941896439,0.6793687343597412,0.7247226238250732,-0.0918990969657898,0.5756157040596008,0.6934236288070679,-0.10665686428546906,0.599251925945282,0.6600515246391296,-0.08860845863819122,0.6344390511512756,0.6581451892852783,-0.07503006607294083,0.13310542702674866,0.6910197138786316,1.0813129591724646e-07,0.2034105360507965,0.6183223128318787,0.0074908738024532795,0.2917243540287018,0.5852580070495605,-0.010278730653226376,0.35364004969596863,0.6116601228713989,-0.03305976837873459,0.3867778182029724,0.6517401933670044,-0.055696550756692886,0.31012260913848877,0.512267529964447,-0.04447361081838608,0.3944142162799835,0.4874926805496216,-0.07630375772714615,0.44634443521499634,0.48043930530548096,-0.09460240602493286,0.4854973554611206,0.48129552602767944,-0.10642606765031815,0.29052942991256714,0.5576457977294922,-0.06944774836301804,0.38586390018463135,0.672065019607544,-0.10375706106424332,0.34953469038009644,0.6827183365821838,-0.10312710702419281,0.31732961535453796,0.6537661552429199,-0.10018384456634521,0.2660469114780426,0.622355043888092,-0.09234650433063507,0.3518327474594116,0.7322579026222229,-0.11860165745019913,0.3124864399433136,0.7246664762496948,-0.10153432935476303,0.286043256521225,0.6906916499137878,-0.08799207955598831,0.24062705039978027,0.6916228532791138,-0.1149657592177391,0.3179226517677307,0.7694194912910461,-0.12124805152416229,0.28946956992149353,0.7599191069602966,-0.09939306229352951,0.2596380412578583,0.7288929224014282,-0.08341968804597855,Q
0.7829102277755737,0.5945072174072266,3.3954572131733585e-07,0.7340192794799805,0.4908609688282013,-0.03383278101682663,0.6243429780006409,0.44577139616012573,-0.05820123851299286,0.5345126390457153,0.46071603894233704,-0.07074154913425446,0.4701385498046875,0.4909029006958008,-0.0839417427778244,0.6618048548698425,0.4821467697620392,-0.10909923166036606,0.5529478192329407,0.5042327046394348,-0.14089247584342957,0.4888707399368286,0.5048407912254333,-0.15069834887981415,0.4434119462966919,0.5124441385269165,-0.15501663088798523,0.6707392930984497,0.5820344090461731,-0.10550927370786667,0.5239667892456055,0.5817863345146179,-0.13973315060138702,0.548485517501831,0.5475245714187622,-0.13549944758415222,0.6008942723274231,0.5380196571350098,-0.12797684967517853,0.6779459118843079,0.6624768376350403,-0.09811237454414368,0.5494351387023926,0.6443938612937927,-0.12330503016710281,0.5783665180206299,0.6098766326904297,-0.09933080524206161,0.6209520101547241,0.6042288541793823,-0.07983363419771194,0.6806446313858032,0.726225733757019,-0.09209007769823074,0.5747084617614746,0.6948590278625488,-0.10738673806190491,0.5998682975769043,0.6617025136947632,-0.08863519877195358,0.6363694667816162,0.6602272987365723,-0.07437948137521744,0.13189035654067993,0.6904810667037964,9.845361148563825e-08,0.20309805870056152,0.6167881488800049,0.008587596006691456,0.29003337025642395,0.5805367231369019,-0.00850772950798273,0.3500658869743347,0.6030817627906799,-0.030672520399093628,0.3821277618408203,0.6413986682891846,-0.05280575528740883,0.30970582365989685,0.5139749050140381,-0.04486790671944618,0.39221280813217163,0.4874143898487091,-0.07752764225006104,0.4434664845466614,0.4793832004070282,-0.09634045511484146,0.48233622312545776,0.4797973334789276,-0.10813190042972565,0.2898995280265808,0.5582619905471802,-0.07014721632003784,0.38688790798187256,0.6757324934005737,-0.10429874807596207,0.3509286046028137,0.6850873231887817,-0.10306919366121292,0.318052738904953,0.6549491286277771,-0.09950874745845795,0.2651556134223938,0.6219648718833923,-0.09331174194812775,0.35145455598831177,0.7347090244293213,-0.11894024163484573,0.31225529313087463,0.7257293462753296,-0.1018977165222168,0.28571105003356934,0.6905301809310913,-0.08832672983407974,0.23959816992282867,0.6908131837844849,-0.11611831188201904,0.3169621527194977,0.7707405090332031,-0.12126210331916809,0.2888358533382416,0.7605667114257812,-0.09904806315898895,0.25912541151046753,0.7288394570350647,-0.08285942673683167,Q
0.7850965857505798,0.594525158405304,3.6258578006709286e-07,0.7389065027236938,0.49108701944351196,-0.031767603009939194,0.6353583931922913,0.44195663928985596,-0.05566945672035217,0.549541711807251,0.4555196166038513,-0.06880991905927658,0.4880772531032562,0.474394828081131,-0.08234300464391708,0.6608562469482422,0.48357096314430237,-0.10492686182260513,0.5453295707702637,0.509848952293396,-0.1352423131465912,0.4831855297088623,0.5084376335144043,-0.14347627758979797,0.4434165358543396,0.5118366479873657,-0.14615784585475922,0.6694561839103699,0.5837766528129578,-0.1014261245727539,0.5233471393585205,0.5831918716430664,-0.1348569691181183,0.5464718341827393,0.5456445813179016,-0.13093622028827667,0.5990127325057983,0.5332662463188171,-0.12310697138309479,0.6768071055412292,0.6624167561531067,-0.0940219908952713,0.5503535866737366,0.6433128118515015,-0.11728569865226746,0.57732754945755,0.6083880066871643,-0.09431244432926178,0.6198140978813171,0.601620078086853,-0.07579348981380463,0.6798529624938965,0.7248071432113647,-0.08787593245506287,0.5763283967971802,0.6923310160636902,-0.10200250148773193,0.6013147234916687,0.6613019108772278,-0.0843336284160614,0.6370054483413696,0.6588812470436096,-0.07074098289012909,0.13246753811836243,0.6913217902183533,1.099767175105626e-07,0.200351744890213,0.6155907511711121,0.007564299739897251,0.2858811914920807,0.5744563341140747,-0.009205279871821404,0.34611770510673523,0.5884380340576172,-0.030580468475818634,0.3814314603805542,0.6193639039993286,-0.05183466523885727,0.3083556592464447,0.5118231773376465,-0.046056684106588364,0.392963171005249,0.4868698716163635,-0.07917985320091248,0.4444132447242737,0.47860580682754517,-0.09788429737091064,0.48399806022644043,0.4781404137611389,-0.10946217179298401,0.2890716791152954,0.5560346245765686,-0.07014307379722595,0.38900917768478394,0.6744911074638367,-0.10545345395803452,0.3523896336555481,0.6838785409927368,-0.10398297011852264,0.31841081380844116,0.6533063054084778,-0.09977412223815918,0.26481693983078003,0.6200639605522156,-0.09215981513261795,0.35279470682144165,0.7329045534133911,-0.11893901973962784,0.3134450614452362,0.7249473333358765,-0.1016109511256218,0.28616416454315186,0.6899213790893555,-0.08743967860937119,0.2395009696483612,0.6893761157989502,-0.11374805122613907,0.318223774433136,0.7695266008377075,-0.12015794217586517,0.28961583971977234,0.7602288126945496,-0.0983889177441597,0.2594697177410126,0.7281354665756226,-0.08221238106489182,Q
0.7842589616775513,0.5871729254722595,3.556790488801198e-07,0.7362319827079773,0.4856700897216797,-0.030031833797693253,0.6311517357826233,0.44279491901397705,-0.05388526991009712,0.545703113079071,0.4584425389766693,-0.0672999694943428,0.4857178330421448,0.4799954891204834,-0.08096115291118622,0.6587007641792297,0.4822574555873871,-0.10726675391197205,0.5367404818534851,0.5112730264663696,-0.13775937259197235,0.4787362217903137,0.5090641379356384,-0.145227313041687,0.4459711015224457,0.5114066004753113,-0.1466250717639923,0.668594479560852,0.5826744437217712,-0.10385242104530334,0.523815393447876,0.5849323272705078,-0.1345158815383911,0.5449210405349731,0.5467801690101624,-0.12815037369728088,0.5962895750999451,0.5339646339416504,-0.11992962658405304,0.6770575642585754,0.6616634726524353,-0.09651312232017517,0.5506606698036194,0.6434099674224854,-0.11643709242343903,0.5760670900344849,0.6079871654510498,-0.09243573993444443,0.6177592873573303,0.6015559434890747,-0.07472866773605347,0.6805676221847534,0.7244094610214233,-0.09040875732898712,0.5772557854652405,0.6927781105041504,-0.1023065596818924,0.6008196473121643,0.6608026027679443,-0.08431500941514969,0.6358363032341003,0.6583778262138367,-0.0712885782122612,0.13296210765838623,0.6910901665687561,1.0465865329933877e-07,0.20220641791820526,0.6157906651496887,0.007641799282282591,0.2888970971107483,0.5779739022254944,-0.009257843717932701,0.3491257429122925,0.5991886854171753,-0.030868053436279297,0.3825039863586426,0.6367881298065186,-0.05243021994829178,0.30943185091018677,0.5129338502883911,-0.04603981599211693,0.3936314880847931,0.4880422055721283,-0.0780743807554245,0.4446767270565033,0.47993338108062744,-0.09632666409015656,0.4833475947380066,0.4794837236404419,-0.10787792503833771,0.289678692817688,0.5576158761978149,-0.07043469697237015,0.38763853907585144,0.6749961376190186,-0.10423897206783295,0.3518649637699127,0.6845844388008118,-0.10286293923854828,0.3187757730484009,0.6552494764328003,-0.09935181587934494,0.26541751623153687,0.6217305064201355,-0.09268312901258469,0.3522583544254303,0.7340660691261292,-0.11779891699552536,0.3134050667285919,0.7249615788459778,-0.10092039406299591,0.2866334319114685,0.6903104186058044,-0.08765557408332825,0.2404288947582245,0.6906543374061584,-0.11465438455343246,0.31787431240081787,0.7700425386428833,-0.11969465017318726,0.2896822988986969,0.7594608068466187,-0.09795454144477844,0.25944265723228455,0.7279515862464905,-0.082171231508255,Q
0.785097599029541,0.5861182808876038,3.1608817607775563e-07,0.7374103665351868,0.4851313531398773,-0.030583612620830536,0.6308366060256958,0.4388532042503357,-0.05420136824250221,0.5439298748970032,0.4575655460357666,-0.06683728843927383,0.48782867193222046,0.4869803786277771,-0.07931946963071823,0.6606396436691284,0.479059636592865,-0.10844972729682922,0.5370694994926453,0.5085950493812561,-0.13831119239330292,0.4825189709663391,0.510781466960907,-0.14372660219669342,0.4535609483718872,0.5173622369766235,-0.14338672161102295,0.6711310148239136,0.5804427862167358,-0.10401611775159836,0.5242409110069275,0.5849878787994385,-0.13355667889118195,0.5450413227081299,0.5472238063812256,-0.12537746131420135,0.5961823463439941,0.5333594083786011,-0.11585426330566406,0.6788983941078186,0.6592648029327393,-0.09577485918998718,0.5514967441558838,0.6413995027542114,-0.11466842889785767,0.5767198204994202,0.6064512133598328,-0.09053148329257965,0.6176725029945374,0.5989499688148499,-0.07279487699270248,0.6810905933380127,0.7222822904586792,-0.08883895725011826,0.5786092281341553,0.6897361874580383,-0.09979575127363205,0.6018218994140625,0.6588423252105713,-0.08272133767604828,0.6354354619979858,0.6564387679100037,-0.07063958793878555,0.13262629508972168,0.6896212697029114,1.0330501254429691e-07,0.2026304006576538,0.6150002479553223,0.008542501367628574,0.2899356782436371,0.5795806646347046,-0.008441416546702385,0.35108911991119385,0.6040974259376526,-0.030408622696995735,0.385078489780426,0.6447811722755432,-0.05227316915988922,0.3089925944805145,0.5119959115982056,-0.04422357678413391,0.392963707447052,0.48742109537124634,-0.07593442499637604,0.4439588487148285,0.48072701692581177,-0.09423843771219254,0.4828706383705139,0.4817701578140259,-0.10596160590648651,0.29016175866127014,0.5575502514839172,-0.0692383423447609,0.3879823088645935,0.6740226149559021,-0.10318829119205475,0.3519749343395233,0.6833114624023438,-0.10237681865692139,0.3189648389816284,0.6532409191131592,-0.09918136149644852,0.266437828540802,0.6223132014274597,-0.09200204163789749,0.35289719700813293,0.7340832948684692,-0.11704489588737488,0.3137929439544678,0.7251054644584656,-0.0999448373913765,0.2870730459690094,0.6901347637176514,-0.08647943288087845,0.2416062355041504,0.6914225816726685,-0.11441967636346817,0.3188699781894684,0.7703947424888611,-0.11944448202848434,0.29052960872650146,0.7599757313728333,-0.0974288135766983,0.26067665219306946,0.728144645690918,-0.08141874521970749,Q
0.7854595184326172,0.591503918170929,3.395973635633709e-07,0.7375891804695129,0.4885769188404083,-0.028107384219765663,0.6356552243232727,0.43973976373672485,-0.0515504851937294,0.5510582327842712,0.4510096311569214,-0.06470465660095215,0.49356794357299805,0.4790153205394745,-0.07806633412837982,0.6619551777839661,0.48465436697006226,-0.1084396168589592,0.536925733089447,0.5146682262420654,-0.1380750685930252,0.481502503156662,0.5146632194519043,-0.14393694698810577,0.45264071226119995,0.5192086696624756,-0.14394211769104004,0.6717303991317749,0.583173394203186,-0.105337955057621,0.5258004665374756,0.5869053602218628,-0.13412566483020782,0.5441747903823853,0.5472791194915771,-0.12627865374088287,0.5934821963310242,0.5331963896751404,-0.11745482683181763,0.6800328493118286,0.6609286665916443,-0.09806618839502335,0.5526745915412903,0.6437463164329529,-0.1155601516366005,0.5759417414665222,0.6077519059181213,-0.09109459072351456,0.6160047650337219,0.6001988053321838,-0.07374027371406555,0.6838589310646057,0.7228681445121765,-0.0919826552271843,0.5813524127006531,0.6920612454414368,-0.10235278308391571,0.6027197241783142,0.6602828502655029,-0.08481796830892563,0.6358140110969543,0.6575528383255005,-0.07245223224163055,0.13432644307613373,0.693169116973877,1.1446562808714589e-07,0.20382967591285706,0.618695080280304,0.008436105214059353,0.2923203706741333,0.5835130214691162,-0.00924599263817072,0.3538360297679901,0.6087759733200073,-0.03222142904996872,0.3870377540588379,0.6479473114013672,-0.055322758853435516,0.3102847933769226,0.5125123262405396,-0.04402845725417137,0.39450034499168396,0.4880223274230957,-0.07504478096961975,0.4448746144771576,0.4793587923049927,-0.09235408157110214,0.4838588833808899,0.47866344451904297,-0.10376157611608505,0.29111143946647644,0.5575913190841675,-0.06957937777042389,0.389931857585907,0.673115074634552,-0.10446272045373917,0.35273221135139465,0.6835721731185913,-0.10345974564552307,0.3186962902545929,0.6544837355613708,-0.0998087078332901,0.2667665183544159,0.622548520565033,-0.09286536276340485,0.35480961203575134,0.7337551712989807,-0.1190808042883873,0.315069317817688,0.7263909578323364,-0.1014166995882988,0.2875595688819885,0.692359447479248,-0.08732353895902634,0.24123278260231018,0.6919350624084473,-0.11577164381742477,0.3198806047439575,0.7705065011978149,-0.12198389321565628,0.29040437936782837,0.7609903216362,-0.10002945363521576,0.2600698173046112,0.729716956615448,-0.08406730741262436,Q
0.7859134674072266,0.5900225043296814,3.4664898862502014e-07,0.7377243041992188,0.486547589302063,-0.029147593304514885,0.6332862377166748,0.44045108556747437,-0.052223335951566696,0.5470665693283081,0.45520925521850586,-0.06497452408075333,0.48665422201156616,0.47879815101623535,-0.07806477695703506,0.66070157289505,0.48518192768096924,-0.10469970107078552,0.5425689816474915,0.5140223503112793,-0.13449421525001526,0.48635995388031006,0.5126073360443115,-0.14196321368217468,0.45571357011795044,0.5166881680488586,-0.14334450662136078,0.670714259147644,0.5841795802116394,-0.10149861872196198,0.5256406664848328,0.5864935517311096,-0.13185995817184448,0.5448423624038696,0.547134280204773,-0.1264558583498001,0.5951606035232544,0.5345851182937622,-0.11857821047306061,0.6792581081390381,0.6617513298988342,-0.09426521509885788,0.5533187985420227,0.6438010334968567,-0.11411275714635849,0.5772231817245483,0.6074925661087036,-0.09105696529150009,0.6180936098098755,0.6010475158691406,-0.07363612949848175,0.6833941340446472,0.7234598994255066,-0.08812814950942993,0.5809058547019958,0.6919174790382385,-0.10007050633430481,0.6030516624450684,0.6593841910362244,-0.08268805593252182,0.6369935870170593,0.6572231650352478,-0.06983070075511932,0.13494762778282166,0.6891469359397888,9.664702815825876e-08,0.2065412998199463,0.6165395975112915,0.009386139921844006,0.29384708404541016,0.5825226902961731,-0.008018463850021362,0.35398566722869873,0.6084410548210144,-0.030901432037353516,0.3873707354068756,0.6484412550926208,-0.0539289228618145,0.31183457374572754,0.5129953622817993,-0.04386545717716217,0.3943738341331482,0.48757603764533997,-0.07543081790208817,0.44442784786224365,0.48059985041618347,-0.09336903691291809,0.482238233089447,0.481596440076828,-0.10490275174379349,0.29233837127685547,0.5575948357582092,-0.06982259452342987,0.38858088850975037,0.6737011671066284,-0.10397715121507645,0.3523138761520386,0.6838740706443787,-0.10321026295423508,0.31948572397232056,0.654255747795105,-0.10007666796445847,0.26786792278289795,0.621890127658844,-0.09347943216562271,0.354130357503891,0.7345725893974304,-0.11924414336681366,0.3146538734436035,0.7262041568756104,-0.10229846835136414,0.2877689301967621,0.6914116740226746,-0.0888628214597702,0.2425302267074585,0.6905272006988525,-0.11668317764997482,0.31964725255966187,0.7703264355659485,-0.12269767373800278,0.2908065915107727,0.7603402733802795,-0.10093489289283752,0.26075616478919983,0.7290472388267517,-0.08498167991638184,Q
0.786666214466095,0.589580237865448,3.5053309943577915e-07,0.7374663352966309,0.485999196767807,-0.02918117493391037,0.6347557306289673,0.4391776919364929,-0.0525398850440979,0.5495633482933044,0.454193651676178,-0.06542748212814331,0.4924183487892151,0.48325997591018677,-0.07840599119663239,0.6616684198379517,0.4844614863395691,-0.1058671697974205,0.5421913266181946,0.5138774514198303,-0.13521882891654968,0.4864954352378845,0.5143184661865234,-0.14180956780910492,0.4562019109725952,0.5192055106163025,-0.14257973432540894,0.6714074611663818,0.5840320587158203,-0.10234028846025467,0.5265779495239258,0.5874674916267395,-0.1318172812461853,0.5441405177116394,0.5483335256576538,-0.1253959685564041,0.5930124521255493,0.5343564748764038,-0.11706919968128204,0.6793315410614014,0.661925733089447,-0.09480782598257065,0.5526165962219238,0.6436211466789246,-0.11352873593568802,0.5755017995834351,0.6073439717292786,-0.09030424058437347,0.6155344247817993,0.5997381210327148,-0.07307727634906769,0.6829627752304077,0.723500669002533,-0.08848423510789871,0.5815513134002686,0.6912716627120972,-0.09964261204004288,0.602486252784729,0.6591044068336487,-0.08274495601654053,0.6350489258766174,0.6562936305999756,-0.07042642682790756,0.1350216269493103,0.6893786787986755,1.0784177817413365e-07,0.2047821581363678,0.6161255240440369,0.009470206685364246,0.2917535901069641,0.5818058848381042,-0.007996900007128716,0.3525609076023102,0.6063328981399536,-0.030774636194109917,0.3875219225883484,0.6443415880203247,-0.05366307124495506,0.31120994687080383,0.5128394961357117,-0.04478157311677933,0.39517900347709656,0.4867669343948364,-0.07703743129968643,0.446802020072937,0.4794877767562866,-0.09515681862831116,0.4859884977340698,0.48076218366622925,-0.10654260218143463,0.29206347465515137,0.5571868419647217,-0.07040167599916458,0.38958045840263367,0.6742642521858215,-0.10494700819253922,0.3530426025390625,0.6848734021186829,-0.10357353091239929,0.32001280784606934,0.6553332209587097,-0.09976369142532349,0.26778942346572876,0.6215568780899048,-0.09369256347417831,0.3545725345611572,0.7342629432678223,-0.11949688196182251,0.3150966763496399,0.7261055707931519,-0.10166535526514053,0.2881680727005005,0.6912707686424255,-0.08755958825349808,0.24254192411899567,0.6905841827392578,-0.11646018922328949,0.31972792744636536,0.7702062129974365,-0.12226250022649765,0.29073354601860046,0.7605170011520386,-0.09995269775390625,0.2610625624656677,0.7285523414611816,-0.08360793441534042,Q
0.7882086038589478,0.5891076326370239,3.5508597306943557e-07,0.7391778230667114,0.48511120676994324,-0.02886302024126053,0.6367174983024597,0.437379390001297,-0.05196050927042961,0.5525521636009216,0.4514598846435547,-0.06451548635959625,0.49531614780426025,0.4788751006126404,-0.07717843353748322,0.6624001264572144,0.4845117926597595,-0.10669510811567307,0.542805016040802,0.5139002799987793,-0.13553473353385925,0.48640701174736023,0.514644205570221,-0.14149078726768494,0.45459771156311035,0.5192195773124695,-0.14194397628307343,0.6725066304206848,0.5845245718955994,-0.1030997633934021,0.5278072357177734,0.5871771574020386,-0.13239800930023193,0.5456148386001587,0.547286331653595,-0.12536980211734772,0.5941340923309326,0.5321200489997864,-0.11671526730060577,0.6804037690162659,0.6622343063354492,-0.0953553095459938,0.5528291463851929,0.6428349614143372,-0.11344076693058014,0.575442373752594,0.6063756942749023,-0.08975372463464737,0.6152127981185913,0.5981484651565552,-0.07249325513839722,0.683799684047699,0.7231870889663696,-0.08884470909833908,0.5816643834114075,0.690436840057373,-0.09956321120262146,0.6027694344520569,0.6583808064460754,-0.08251912146806717,0.6355586051940918,0.6553561091423035,-0.07024767249822617,0.13483017683029175,0.6897676587104797,9.867274997077402e-08,0.2058873325586319,0.6166279315948486,0.00866625551134348,0.2938554286956787,0.5838600993156433,-0.009137925691902637,0.35519838333129883,0.6102401614189148,-0.03210392966866493,0.38855987787246704,0.6508076190948486,-0.0550803579390049,0.3117482364177704,0.5131375789642334,-0.04514278843998909,0.39606088399887085,0.48929715156555176,-0.07689322531223297,0.4469185471534729,0.4817964732646942,-0.09517567604780197,0.4855271577835083,0.4815903306007385,-0.1070462316274643,0.29248127341270447,0.5587916374206543,-0.07079929858446121,0.3895877003669739,0.6744779348373413,-0.10509369522333145,0.3532121479511261,0.6848998069763184,-0.1042957678437233,0.3202376961708069,0.6555502414703369,-0.10122478753328323,0.2685557007789612,0.6239597201347351,-0.09410031139850616,0.35598528385162354,0.7339439392089844,-0.11952277272939682,0.31634318828582764,0.7259762287139893,-0.10167396068572998,0.28893744945526123,0.6920081377029419,-0.08778224140405655,0.2439262866973877,0.6936968564987183,-0.117041677236557,0.32212623953819275,0.7711040377616882,-0.12238693982362747,0.2929810881614685,0.7612636089324951,-0.09980177134275436,0.26275330781936646,0.7305071353912354,-0.08344629406929016,Q
0.7860870361328125,0.5854570865631104,3.583920999972179e-07,0.7370325922966003,0.48353034257888794,-0.027363188564777374,0.6360689997673035,0.43719959259033203,-0.050662748515605927,0.552489161491394,0.4508935213088989,-0.06399482488632202,0.49524199962615967,0.47857221961021423,-0.07724037021398544,0.6617162227630615,0.48386114835739136,-0.10651684552431107,0.5360305309295654,0.515728771686554,-0.1363125443458557,0.48276907205581665,0.5137929916381836,-0.14240214228630066,0.45753973722457886,0.5157095789909363,-0.1421050727367401,0.6715015172958374,0.5835718512535095,-0.10310732573270798,0.5284324884414673,0.5871322154998779,-0.13137133419513702,0.5456457138061523,0.5465753078460693,-0.12369094789028168,0.5938616394996643,0.5312690734863281,-0.11520349979400635,0.6795019507408142,0.6610153317451477,-0.09564457833766937,0.5527970790863037,0.6410515904426575,-0.1122090071439743,0.5747885704040527,0.6040805578231812,-0.08827102929353714,0.6145970225334167,0.5955079793930054,-0.07159515470266342,0.68315190076828,0.7218155860900879,-0.08935749530792236,0.5830856561660767,0.6881491541862488,-0.09924290329217911,0.6030880212783813,0.6556422114372253,-0.08248226344585419,0.6350683569908142,0.652367115020752,-0.0706317350268364,0.13504543900489807,0.6911430358886719,1.1035411517923421e-07,0.20574449002742767,0.6185835599899292,0.008617495186626911,0.2932009696960449,0.584713339805603,-0.009568201377987862,0.3545653223991394,0.6090215444564819,-0.03292759507894516,0.3880268335342407,0.6471639275550842,-0.056302011013031006,0.3116958737373352,0.5132601261138916,-0.04555738344788551,0.3966636061668396,0.4890820384025574,-0.07829999923706055,0.4486618638038635,0.4824460744857788,-0.09681006520986557,0.4882119297981262,0.48339760303497314,-0.10855221003293991,0.29221394658088684,0.5580033659934998,-0.07097653299570084,0.3897922933101654,0.674717903137207,-0.10632512718439102,0.3525065779685974,0.6861658096313477,-0.10514353215694427,0.3192847967147827,0.6566118597984314,-0.10134255886077881,0.26815465092658997,0.6226377487182617,-0.09413985908031464,0.3559175729751587,0.7342287302017212,-0.12083616107702255,0.3160189986228943,0.7270610928535461,-0.10292606055736542,0.288595587015152,0.6925053596496582,-0.08856277912855148,0.24352946877479553,0.6922341585159302,-0.11683029681444168,0.321027547121048,0.7712053656578064,-0.12313682585954666,0.29158347845077515,0.762160062789917,-0.10085845738649368,0.2618001401424408,0.7304961681365967,-0.08446519076824188,Q
0.7848840355873108,0.5879647135734558,3.5310006296640495e-07,0.7376651763916016,0.4846576452255249,-0.028592251241207123,0.635438859462738,0.4397987127304077,-0.05145415663719177,0.550931453704834,0.45618483424186707,-0.06377460807561874,0.49283483624458313,0.4759526252746582,-0.07569942623376846,0.6625534892082214,0.48502621054649353,-0.10797341167926788,0.5350349545478821,0.514308512210846,-0.13666647672653198,0.4821978211402893,0.5131733417510986,-0.14103524386882782,0.4580327868461609,0.5157673358917236,-0.13962726294994354,0.6717486381530762,0.5861830115318298,-0.10313144326210022,0.5276936888694763,0.5860256552696228,-0.13029876351356506,0.5450185537338257,0.5454565286636353,-0.12123850733041763,0.5934284925460815,0.5306711196899414,-0.11182591319084167,0.6790748834609985,0.6632483005523682,-0.0942632406949997,0.552666425704956,0.6402368545532227,-0.1096784695982933,0.5754495859146118,0.6030614376068115,-0.08532829582691193,0.6150572299957275,0.5950407981872559,-0.06866952031850815,0.6817733645439148,0.7235073447227478,-0.08669274300336838,0.5829998850822449,0.6868371963500977,-0.09606478363275528,0.6031478047370911,0.6545683741569519,-0.08003394305706024,0.6340265870094299,0.6516988277435303,-0.06894475966691971,0.13536028563976288,0.6905403733253479,1.1254184073550277e-07,0.20647239685058594,0.617938756942749,0.008180840872228146,0.29394304752349854,0.5850222706794739,-0.010454634204506874,0.3554762899875641,0.6109095215797424,-0.03417975455522537,0.3881353735923767,0.6506285667419434,-0.057865750044584274,0.3118201494216919,0.5127727389335632,-0.04666144400835037,0.39730212092399597,0.48817139863967896,-0.07958772033452988,0.44994157552719116,0.481758177280426,-0.09826670587062836,0.4897664487361908,0.48334789276123047,-0.11013934761285782,0.292450487613678,0.5577544569969177,-0.07217622548341751,0.3891746401786804,0.6746304631233215,-0.10725577175617218,0.3523322641849518,0.6852250099182129,-0.10609860718250275,0.3196099102497101,0.6552778482437134,-0.1026138886809349,0.2684701681137085,0.6225428581237793,-0.09543661773204803,0.3556193709373474,0.7346153259277344,-0.12183064967393875,0.31577548384666443,0.726627767086029,-0.1039491817355156,0.28855621814727783,0.6916846632957458,-0.08986913412809372,0.2439558207988739,0.6923145651817322,-0.11834556609392166,0.32093679904937744,0.7712238430976868,-0.12443983554840088,0.2916455864906311,0.7616341710090637,-0.10204250365495682,0.26150450110435486,0.7298808693885803,-0.08567722141742706,Q
0.786971926689148,0.5940576791763306,3.613039325500722e-07,0.7397229671478271,0.48882320523262024,-0.031390417367219925,0.6356980204582214,0.4399096369743347,-0.05459965020418167,0.5509483814239502,0.4562610387802124,-0.0666779950261116,0.4938562512397766,0.4784112870693207,-0.0784364640712738,0.6639545559883118,0.48458173871040344,-0.10719376057386398,0.5434957146644592,0.5083208680152893,-0.13599379360675812,0.48471516370773315,0.5087785720825195,-0.14124983549118042,0.45097029209136963,0.5142244100570679,-0.1412503719329834,0.6726062893867493,0.5857782363891602,-0.10220041871070862,0.5262107849121094,0.583522617816925,-0.13221660256385803,0.5458630919456482,0.5442356467247009,-0.12468273937702179,0.5961153507232666,0.5306723713874817,-0.11494756489992142,0.6793822050094604,0.6633433699607849,-0.09333249926567078,0.5521343946456909,0.6382847428321838,-0.11270129680633545,0.5767678618431091,0.6020227074623108,-0.08866928517818451,0.6170904636383057,0.5953162312507629,-0.07046506553888321,0.6813897490501404,0.7243131399154663,-0.08586085587739944,0.5790038108825684,0.6859565377235413,-0.0971900224685669,0.6014593839645386,0.6537119150161743,-0.08027052134275436,0.6346111297607422,0.6519843935966492,-0.06791791319847107,0.13493196666240692,0.6916360855102539,1.0068652755990115e-07,0.20507961511611938,0.6171693205833435,0.008291622623801231,0.291503369808197,0.5816867351531982,-0.009766198694705963,0.35251447558403015,0.6045825481414795,-0.03261256217956543,0.38718724250793457,0.6419656872749329,-0.055335186421871185,0.31180688738822937,0.514837384223938,-0.04850998893380165,0.3968251943588257,0.4877810478210449,-0.0824735164642334,0.45016035437583923,0.48047566413879395,-0.10144270956516266,0.49042877554893494,0.4825080633163452,-0.112937793135643,0.2926977872848511,0.5597063899040222,-0.07364879548549652,0.38978421688079834,0.6760627627372742,-0.10833347588777542,0.35339832305908203,0.6856150031089783,-0.10631117969751358,0.3204861581325531,0.6555863618850708,-0.10209844261407852,0.268854022026062,0.6241036653518677,-0.0965852364897728,0.3559034466743469,0.7354124784469604,-0.12285575270652771,0.3165960907936096,0.7269948720932007,-0.10505551099777222,0.28940603137016296,0.6920943260192871,-0.0908106118440628,0.24421122670173645,0.6937102675437927,-0.119081512093544,0.32151371240615845,0.7717376947402954,-0.1246945783495903,0.2937192916870117,0.7623544931411743,-0.10206930339336395,0.26374417543411255,0.731081485748291,-0.08536773920059204,Q
0.7836499214172363,0.5874742269515991,3.6222999710844306e-07,0.7351479530334473,0.48463359475135803,-0.02933681197464466,0.6304513216018677,0.44262516498565674,-0.05297858640551567,0.5465344786643982,0.45801299810409546,-0.06654753535985947,0.48597049713134766,0.47814902663230896,-0.08011644333600998,0.6605883836746216,0.48413240909576416,-0.10626412183046341,0.5389652252197266,0.5167939066886902,-0.13707773387432098,0.4828636646270752,0.5124752521514893,-0.14415495097637177,0.4526898264884949,0.5109466910362244,-0.14492307603359222,0.6714522838592529,0.5831023454666138,-0.10320711135864258,0.5252142548561096,0.5844995379447937,-0.13578476011753082,0.5459312796592712,0.5444692373275757,-0.12987513840198517,0.5973320007324219,0.5293061137199402,-0.12094925343990326,0.6794999241828918,0.660918116569519,-0.0962572991847992,0.5525246262550354,0.6405045390129089,-0.11782355606555939,0.578117311000824,0.6045807003974915,-0.09421665221452713,0.6194089651107788,0.5966957211494446,-0.07576632499694824,0.6821093559265137,0.7227504849433899,-0.09044306725263596,0.5786595344543457,0.688713550567627,-0.10318948328495026,0.6019670367240906,0.6564875245094299,-0.08576416224241257,0.6364958882331848,0.6529289484024048,-0.07264144718647003,0.1335730403661728,0.6916682720184326,1.0345361545205378e-07,0.2031945288181305,0.6178737878799438,0.007728395517915487,0.28951606154441833,0.5820624232292175,-0.010240507312119007,0.3510087728500366,0.6050441861152649,-0.032973986119031906,0.38672539591789246,0.6420614123344421,-0.05550215020775795,0.3109639883041382,0.5139541029930115,-0.046673938632011414,0.39631742238998413,0.48875951766967773,-0.07962917536497116,0.44960176944732666,0.4814673364162445,-0.09815957397222519,0.4899013638496399,0.4822967052459717,-0.10968541353940964,0.2919960618019104,0.5590010285377502,-0.07136507332324982,0.389468789100647,0.6755083203315735,-0.10585043579339981,0.3527270257472992,0.6870415210723877,-0.10431285202503204,0.31979459524154663,0.6575482487678528,-0.10043958574533463,0.2683033049106598,0.6237263679504395,-0.09391944110393524,0.3556964099407196,0.7346670031547546,-0.12005920708179474,0.3163686990737915,0.7281063795089722,-0.10224161297082901,0.28915318846702576,0.6936490535736084,-0.08803723752498627,0.2436462938785553,0.6935469508171082,-0.11607380956411362,0.32122257351875305,0.7712523341178894,-0.12197540700435638,0.29324716329574585,0.7633575201034546,-0.0995829626917839,0.2635211944580078,0.7324000597000122,-0.08303632587194443,Q
0.7853907346725464,0.5895957350730896,3.5090545225102687e-07,0.7373374104499817,0.4862692356109619,-0.030975155532360077,0.6316996216773987,0.4405006766319275,-0.05465680733323097,0.54704749584198,0.45762917399406433,-0.06762206554412842,0.4909282922744751,0.48227089643478394,-0.080386221408844,0.6624576449394226,0.4820781946182251,-0.10682123154401779,0.5428931713104248,0.5112908482551575,-0.137253999710083,0.4845646023750305,0.5130652785301208,-0.1437508910894394,0.45159026980400085,0.518510639667511,-0.14438453316688538,0.6725659370422363,0.582421064376831,-0.10278831422328949,0.5264725685119629,0.58350670337677,-0.1348046064376831,0.5467051863670349,0.5445398688316345,-0.1283571571111679,0.5974423885345459,0.5300551056861877,-0.1190871149301529,0.6796888709068298,0.6604897379875183,-0.09499400854110718,0.5520834922790527,0.6393949389457703,-0.11634159088134766,0.5772380232810974,0.6038066148757935,-0.0928100198507309,0.6180209517478943,0.5960267782211304,-0.07441431283950806,0.681272029876709,0.7222422361373901,-0.08852104097604752,0.577407956123352,0.6865806579589844,-0.1009535938501358,0.6007391810417175,0.6549713611602783,-0.08392803370952606,0.6351119875907898,0.6522966623306274,-0.07126958668231964,0.1335979551076889,0.6927632093429565,1.0822869711546446e-07,0.2028476595878601,0.6187009811401367,0.007033596746623516,0.28882700204849243,0.5817365050315857,-0.01122994627803564,0.3501533269882202,0.6034433841705322,-0.03419148921966553,0.3860040605068207,0.6395922899246216,-0.056901734322309494,0.3110249638557434,0.5137835144996643,-0.047297198325395584,0.39631426334381104,0.4884532690048218,-0.0807141438126564,0.4492925703525543,0.4808477759361267,-0.09949848800897598,0.48956289887428284,0.481570839881897,-0.11118664592504501,0.29186007380485535,0.5587000846862793,-0.07180255651473999,0.3897283375263214,0.6757541298866272,-0.10697553306818008,0.3526061773300171,0.6867173910140991,-0.10555554926395416,0.3195848762989044,0.656735897064209,-0.10162045806646347,0.26800230145454407,0.6233522295951843,-0.0942566841840744,0.3555254638195038,0.7347712516784668,-0.1210055947303772,0.3157845735549927,0.727702796459198,-0.10317201912403107,0.2884794771671295,0.6928561925888062,-0.088823102414608,0.24311372637748718,0.6931734681129456,-0.11638525873422623,0.3210814595222473,0.7714992761611938,-0.1228504404425621,0.2927221953868866,0.7633383274078369,-0.10058433562517166,0.2628820240497589,0.7323414087295532,-0.08402444422245026,Q
0.7851593494415283,0.5925116539001465,3.5305947676533833e-07,0.7376255393028259,0.4896123707294464,-0.02902115508913994,0.6347669959068298,0.4438455104827881,-0.051698047667741776,0.5509666204452515,0.4559778571128845,-0.06436186283826828,0.4908495247364044,0.47434186935424805,-0.07697395980358124,0.6585520505905151,0.48168647289276123,-0.10223765671253204,0.5374466776847839,0.5132821202278137,-0.13133768737316132,0.4799298644065857,0.5141444802284241,-0.13796201348304749,0.4484797716140747,0.5185807347297668,-0.13867108523845673,0.6685100197792053,0.5815420150756836,-0.09879463911056519,0.5248448848724365,0.5855198502540588,-0.12928175926208496,0.5448299646377563,0.545706033706665,-0.12349341809749603,0.5955315828323364,0.5303716659545898,-0.11491486430168152,0.6767527461051941,0.6599036455154419,-0.09157881140708923,0.551535964012146,0.6421282291412354,-0.11133115738630295,0.5765318870544434,0.6066277027130127,-0.08818667382001877,0.6172458529472351,0.5987126231193542,-0.07049717009067535,0.68025141954422,0.7219631671905518,-0.08557416498661041,0.5800091624259949,0.6887334585189819,-0.0974760502576828,0.6032193899154663,0.65770024061203,-0.08043280243873596,0.6369770765304565,0.6549397110939026,-0.06761728227138519,0.1337178647518158,0.6909691095352173,1.1566932300866029e-07,0.20339837670326233,0.618201494216919,0.006139642093330622,0.2894798815250397,0.5820985436439514,-0.012303344905376434,0.3501763641834259,0.6039208769798279,-0.03522142767906189,0.38367366790771484,0.6402670741081238,-0.05788064002990723,0.3107806146144867,0.5140435695648193,-0.04909459501504898,0.3980197310447693,0.48738062381744385,-0.08360476046800613,0.4528827667236328,0.48045772314071655,-0.1031455472111702,0.4944574534893036,0.48228615522384644,-0.1150943711400032,0.29136767983436584,0.5589905381202698,-0.07316645234823227,0.3880947232246399,0.6761410236358643,-0.1088700145483017,0.3510122299194336,0.6864016056060791,-0.10782059282064438,0.31864404678344727,0.6557142734527588,-0.10415647178888321,0.26773104071617126,0.6236140131950378,-0.09526502341032028,0.3540012538433075,0.7360239624977112,-0.1224830150604248,0.31409165263175964,0.7281623482704163,-0.10530028492212296,0.28761109709739685,0.6925532221794128,-0.09129619598388672,0.24334290623664856,0.6936103701591492,-0.11712345480918884,0.320372998714447,0.7731733918190002,-0.12365802377462387,0.2922794222831726,0.7643142938613892,-0.10162678360939026,0.2626778185367584,0.7324450612068176,-0.0851437896490097,Q
0.7852321267127991,0.5932661890983582,3.275522715284751e-07,0.738636314868927,0.49070748686790466,-0.028394512832164764,0.6337640285491943,0.447098970413208,-0.05168405547738075,0.5468795895576477,0.4594777822494507,-0.06498260796070099,0.4842565655708313,0.47635480761528015,-0.07866422086954117,0.6594460606575012,0.47928521037101746,-0.10546845942735672,0.5373197793960571,0.5105106830596924,-0.13617432117462158,0.48096978664398193,0.5103852152824402,-0.14404898881912231,0.45092129707336426,0.5140593647956848,-0.14557327330112457,0.6690989136695862,0.5789260268211365,-0.10268037021160126,0.5247611403465271,0.5829563140869141,-0.13369224965572357,0.545265793800354,0.5460007786750793,-0.1278039515018463,0.5965495109558105,0.5332598686218262,-0.11985669285058975,0.6775254011154175,0.6582353115081787,-0.0959714949131012,0.550412654876709,0.6428853273391724,-0.11596077680587769,0.5754016637802124,0.6080617308616638,-0.09201738238334656,0.6169396638870239,0.6003408432006836,-0.0743647888302803,0.6812130808830261,0.7220336198806763,-0.0903630256652832,0.5789095163345337,0.6920239329338074,-0.10281778126955032,0.6018828749656677,0.660690426826477,-0.08524004369974136,0.6363607048988342,0.6575148701667786,-0.07232242077589035,0.1330581158399582,0.694912314414978,1.0681346651608692e-07,0.20285025238990784,0.6195334792137146,0.008253011852502823,0.2908645570278168,0.584804117679596,-0.009922646917402744,0.352652907371521,0.6105279922485352,-0.03308257460594177,0.38674092292785645,0.6501098871231079,-0.05616907402873039,0.3103378415107727,0.5144786834716797,-0.04707558453083038,0.3969075679779053,0.4886894226074219,-0.08000395447015762,0.4500071406364441,0.48086047172546387,-0.09851811826229095,0.4906677305698395,0.48102641105651855,-0.11022049188613892,0.29065030813217163,0.5597376227378845,-0.07225301116704941,0.38917770981788635,0.6754451990127563,-0.10741085559129715,0.35170385241508484,0.6856448650360107,-0.10580664873123169,0.3184000849723816,0.6559678316116333,-0.10181859135627747,0.26681283116340637,0.6245721578598022,-0.09519786387681961,0.3551485240459442,0.7360680103302002,-0.1213192492723465,0.31530794501304626,0.7280495762825012,-0.10315236449241638,0.28811442852020264,0.6937552690505981,-0.08875111490488052,0.2423359751701355,0.6942543387413025,-0.11779464036226273,0.32103225588798523,0.7729637622833252,-0.12313728034496307,0.2924690246582031,0.763545036315918,-0.10047069191932678,0.2625511586666107,0.7323399186134338,-0.08393526822328568,Q
0.7844087481498718,0.5960701107978821,2.8933743578818394e-07,0.7383909821510315,0.4931187331676483,-0.028034858405590057,0.6331444382667542,0.45086169242858887,-0.050486862659454346,0.545363187789917,0.46377742290496826,-0.06289854645729065,0.4818471670150757,0.4795967638492584,-0.07601145654916763,0.658015251159668,0.4759163558483124,-0.10507575422525406,0.5369486808776855,0.5082904100418091,-0.13491575419902802,0.48206251859664917,0.5094911456108093,-0.14212274551391602,0.45070338249206543,0.5150272846221924,-0.14361907541751862,0.6677072048187256,0.5751044154167175,-0.10242532193660736,0.5245671272277832,0.582616925239563,-0.13244307041168213,0.5466640591621399,0.5475832223892212,-0.12585560977458954,0.5967538952827454,0.5356087684631348,-0.11791101098060608,0.6761674284934998,0.6556652188301086,-0.09589193761348724,0.5502955913543701,0.6438837647438049,-0.11595745384693146,0.5772530436515808,0.6110262870788574,-0.09182900935411453,0.6185155510902405,0.6041989922523499,-0.07416629046201706,0.6799681186676025,0.7214736938476562,-0.09038069099187851,0.578933596611023,0.6939253211021423,-0.10348271578550339,0.6030457615852356,0.6639391779899597,-0.08606360107660294,0.6372309327125549,0.6616357564926147,-0.07329712063074112,0.1341399848461151,0.6934274435043335,1.0544168560500111e-07,0.20630943775177002,0.6197702884674072,0.009323219768702984,0.2938030958175659,0.5856283903121948,-0.008979623205959797,0.3543393611907959,0.6110876798629761,-0.03285093605518341,0.3849380612373352,0.6507543325424194,-0.056858379393815994,0.3118079900741577,0.5137929320335388,-0.043946485966444016,0.39529019594192505,0.4895363450050354,-0.07576105743646622,0.44713646173477173,0.48201948404312134,-0.0940454974770546,0.48608267307281494,0.4820302128791809,-0.10585461556911469,0.2918272614479065,0.5581303834915161,-0.06981988996267319,0.3873835504055023,0.6763608455657959,-0.10406824201345444,0.35095077753067017,0.6863524913787842,-0.10300856083631516,0.31842395663261414,0.6556215286254883,-0.09966187179088593,0.2674389183521271,0.6225531697273254,-0.09337510913610458,0.3543345630168915,0.737311065196991,-0.1188654974102974,0.31517258286476135,0.7290439605712891,-0.10137538611888885,0.28817516565322876,0.6939696073532104,-0.08767013996839523,0.24276766180992126,0.6917094588279724,-0.11656101047992706,0.3206615447998047,0.7735758423805237,-0.12217140942811966,0.29218438267707825,0.7638300657272339,-0.10022043436765671,0.26252442598342896,0.7319087982177734,-0.0841480940580368,Q
0.7830336093902588,0.6015567779541016,3.189179835771938e-07,0.7375521659851074,0.49525687098503113,-0.03199194371700287,0.6306536793708801,0.4504772126674652,-0.05635043978691101,0.5413994193077087,0.46307462453842163,-0.06929101794958115,0.4758395552635193,0.48159658908843994,-0.08327679336071014,0.6594515442848206,0.47682496905326843,-0.11086466163396835,0.5448428392410278,0.5063413977622986,-0.1421302855014801,0.48499247431755066,0.5061862468719482,-0.15089748799800873,0.44507986307144165,0.5107569694519043,-0.1542380303144455,0.6687193512916565,0.5762699842453003,-0.10771926492452621,0.5232152342796326,0.5793734192848206,-0.1404309719800949,0.5477432608604431,0.5449416637420654,-0.1349954605102539,0.5996562838554382,0.5349141955375671,-0.1273166686296463,0.6769596934318542,0.6576555371284485,-0.1006048396229744,0.5487226247787476,0.6433970332145691,-0.1238635927438736,0.5776038765907288,0.6092526912689209,-0.09945595264434814,0.6200441718101501,0.6031594276428223,-0.0806397870182991,0.6811354160308838,0.7234982252120972,-0.09470226615667343,0.5777464509010315,0.6942124366760254,-0.11025603860616684,0.6021130681037903,0.6614369750022888,-0.09239137917757034,0.6370924115180969,0.6597381830215454,-0.07885528355836868,0.13395434617996216,0.69221431016922,1.0398676408840402e-07,0.20508885383605957,0.618916392326355,0.008851984515786171,0.29265958070755005,0.584231972694397,-0.00904856063425541,0.353339284658432,0.6093207597732544,-0.032201558351516724,0.38437286019325256,0.6493605375289917,-0.05537920817732811,0.311210036277771,0.5135362148284912,-0.04417547956109047,0.3948187828063965,0.4898194968700409,-0.07623519003391266,0.446954607963562,0.482197105884552,-0.09478116780519485,0.4870644509792328,0.48226940631866455,-0.10680998861789703,0.2920185625553131,0.5583664178848267,-0.06976570188999176,0.38759732246398926,0.6769006252288818,-0.10413829237222672,0.350569486618042,0.6863502860069275,-0.10330846905708313,0.3178529143333435,0.6552755236625671,-0.10015346109867096,0.26791465282440186,0.6230329275131226,-0.09307973086833954,0.3549341857433319,0.737312912940979,-0.11905283480882645,0.3155389726161957,0.7289009094238281,-0.10181988030672073,0.2886356711387634,0.6933756470680237,-0.08820410072803497,0.24305030703544617,0.6925011873245239,-0.11600373685359955,0.32108762860298157,0.7737237811088562,-0.12212830036878586,0.2922956645488739,0.7640231847763062,-0.10030429810285568,0.2624240517616272,0.7315181493759155,-0.08430718630552292,Q
0.7848718166351318,0.5972708463668823,3.4689662697928725e-07,0.7386075854301453,0.493064284324646,-0.029770996421575546,0.6346091032028198,0.4456503391265869,-0.0537431463599205,0.548317551612854,0.45759543776512146,-0.06744398921728134,0.4854617714881897,0.47760212421417236,-0.08229739218950272,0.6592585444450378,0.47929680347442627,-0.10293155163526535,0.5495225787162781,0.5074145197868347,-0.13403312861919403,0.4866492748260498,0.5045369863510132,-0.14499948918819427,0.4435746669769287,0.5068406462669373,-0.15016701817512512,0.668428897857666,0.5781227946281433,-0.1021541953086853,0.523163914680481,0.5803957581520081,-0.13618947565555573,0.5482083559036255,0.5454583764076233,-0.13388292491436005,0.6019513607025146,0.5360748767852783,-0.12745881080627441,0.677148699760437,0.6592352986335754,-0.09739676862955093,0.5504012703895569,0.6423949003219604,-0.12208274751901627,0.5792226195335388,0.6080101728439331,-0.09889689087867737,0.6222200989723206,0.6034157276153564,-0.07998953759670258,0.6825476288795471,0.7253990173339844,-0.09376931190490723,0.5800510048866272,0.6943032145500183,-0.10944624245166779,0.6050514578819275,0.6617031097412109,-0.0907217264175415,0.6410963535308838,0.6613457202911377,-0.07607469707727432,0.13488154113292694,0.6940648555755615,9.980828252764695e-08,0.20562593638896942,0.6219038367271423,0.00934369396418333,0.29292210936546326,0.5886459350585938,-0.008849808014929295,0.35419705510139465,0.6138170957565308,-0.03249317780137062,0.387641578912735,0.6521585583686829,-0.05611462891101837,0.31135112047195435,0.5152086019515991,-0.044035036116838455,0.3956047594547272,0.4899858832359314,-0.07665812224149704,0.44765400886535645,0.4825666546821594,-0.09571424126625061,0.48710837960243225,0.4831850826740265,-0.10799989849328995,0.29237979650497437,0.5603903532028198,-0.070069819688797,0.3885648846626282,0.6768644452095032,-0.1054382473230362,0.35165491700172424,0.688398540019989,-0.10543996095657349,0.3188108205795288,0.658883810043335,-0.10272975265979767,0.2689073383808136,0.6258606314659119,-0.0937361866235733,0.3557596504688263,0.7370688915252686,-0.120043084025383,0.3154350817203522,0.729628324508667,-0.10226678848266602,0.2880112826824188,0.6949026584625244,-0.08827931433916092,0.24478310346603394,0.695955216884613,-0.11695496737957001,0.32249510288238525,0.7745829820632935,-0.12318554520606995,0.2927379608154297,0.7655745148658752,-0.1007469967007637,0.26287877559661865,0.7341494560241699,-0.08429618924856186,Q
